0.3 0.667683616828112
0.4 -0.07280771088205018
0.5 -0.47993676477927405
0.6000000000000001 -0.7235290009983637
0.7000000000000002 -0.8763577860630096
0.8000000000000003 -0.9745501745661289
0.9000000000000001 -1.038006230590234
1.0000000000000002 -1.0785475821186303
1.1000000000000003 -1.1035886837706257
1.2000000000000004 -1.1179586765381055
1.3000000000000005 -1.1248760660504682
1.4000000000000004 -1.126517529468988
1.5000000000000004 -1.1243781513719047
1.6000000000000005 -1.1195074486944514
1.7000000000000004 -1.1126622510781279
1.8000000000000005 -1.104403143766455
1.9000000000000006 -1.0951543372526824
2.0000000000000004 -1.0852411445239185
2.1000000000000005 -1.0749143183463978
2.2000000000000006 -1.0643667986082999
2.3000000000000007 -1.0537459848975828
2.4000000000000004 -1.0431632029687292
2.5000000000000004 -1.0327012427760174
2.6000000000000005 -1.022420445993205
2.7000000000000006 -1.012363633816212
2.8000000000000007 -1.0025600818793803
2.900000000000001 -0.9930287079590762
3.000000000000001 -0.9837806114823877
3.1000000000000005 -0.9748210816161762
3.2000000000000006 -0.9661511709936985
3.3000000000000007 -0.9577689153406963
3.400000000000001 -0.9496702655961887
3.500000000000001 -0.9418497881734529
3.600000000000001 -0.9343011800860184
3.700000000000001 -0.9270176381630404
3.800000000000001 -0.9199921151054737
3.9000000000000012 -0.9132174894847405
4.000000000000001 -0.9066866397252791
4.100000000000001 -0.9003926339983993
4.200000000000001 -0.8943285621070697
4.300000000000002 -0.8884876757649802
4.400000000000001 -0.8828633508668725
4.500000000000001 -0.8774490774077915
4.600000000000001 -0.8722384479634643
4.700000000000001 -0.8672251476026579
4.800000000000002 -0.862402946876969
4.900000000000001 -0.8577656985849655
