Temperature	Germanium	Nickel	Copper
T	        R1	        R2	    R3
K	        au	        au	    au
299.267	    1.051524	1.000033	0.993136
299.023	    1.052477	1.000033	0.992616
298.779	    1.053438	0.980802	0.992096
298.779	    1.055345	1.000033	0.992096
298.535	    1.057252	1.000033	0.991057
298.535	    1.062019	1.000033	0.990537
298.291	    1.070607	1.000033	0.990017
298.046	    1.080149	1.000033	0.988453
297.802	    1.090645	1.000033	0.986894
297.314	    1.101148	1.000033	0.984815
296.825	    1.111643	1.000033	0.983251
296.337	    1.121185	1.000033	0.981692
295.727	    1.131681	1.000033	0.980132
295.116	    1.141223	0.980802	0.978049
294.628	    1.150765	1.000033	0.975969
293.895	    1.16126	    0.980802	0.973886
293.162	    1.170802	0.980802	0.971807
292.43	    1.180344	0.980802	0.968683
291.819	    1.189886	0.980802	0.967124
291.087	    1.199428	0.980802	0.964525
290.476	    1.20897	    0.96157	    0.962441
289.744	    1.217558	0.96157	    0.959323
288.889	    1.226147	0.96157	    0.956719
288.156	    1.233774	0.96157	    0.95412
287.424	    1.241409	0.942339	0.952037
286.691	    1.248091	0.942339	0.948918
285.714	    1.254773	0.942339	0.946834
284.86	    1.261447	0.942339	0.944235
284.249	    1.267175	0.942339	0.941112
283.394	    1.270989	0.942339	0.938513
282.54	    1.275764	0.923108	0.93591
281.807	    1.279577	0.923108	0.932791
280.952	    1.282445	0.923108	0.930187
280.22	    1.285306	0.923108	0.927064
279.365	    1.288166	0.923108	0.924465
278.632	    1.289119	0.903876	0.921862
277.9	    1.290073	0.903876	0.919263
277.045	    1.291026	0.903876	0.91666
276.313	    1.291026	0.903876	0.913541
275.458	    1.291026	0.903876	0.910937
274.725	    1.291026	0.884645	0.908338
273.871	    1.290073	0.884645	0.905735
273.016	    1.289119	0.884645	0.903136
272.405	    1.288166	0.865413	0.900533
271.551	    1.285306	0.865413	0.897934
270.818	    1.284352	0.884645	0.89533
269.963	    1.281484	0.865413	0.893251
269.353	    1.279577	0.865413	0.890648
268.62	    1.276717	0.865413	0.887529
267.766	    1.273857	0.865413	0.885445
267.155	    1.270989	0.846182	0.882846
266.3	    1.268129	0.865413	0.880243
265.69	    1.265268	0.846182	0.878164
264.835	    1.261447	0.846182	0.87504
264.225	    1.258587	0.846182	0.872961
263.492	    1.254773	0.826951	0.870362
262.882	    1.251905	0.826951	0.868279
262.149	    1.248091	0.826951	0.866199
261.416	    1.244278	0.826951	0.863596
260.684	    1.240456	0.826951	0.860997
259.951	    1.236642	0.826951	0.858914
259.341	    1.232821	0.807719	0.856314
258.608	    1.229007	0.807719	0.854231
258.12	    1.225194	0.807719	0.851632
257.387	    1.221372	0.807719	0.849553
256.777	    1.217558	0.788488	0.846949
256.044	    1.213737	0.807719	0.84487
255.433	    1.209923	0.788488	0.842787
254.823	    1.20611	    0.788488	0.840707
254.212	    1.202288	0.788488	0.838624
253.602	    1.198475	0.788488	0.836545
252.991	    1.194653	0.788488	0.834465
252.381	    1.190839	0.788488	0.831862
251.77	    1.187026	0.769255	0.830303
251.16	    1.183204	0.788488	0.828219
250.549	    1.179391	0.769255	0.82614
249.939	    1.175569	0.769255	0.824061
249.573	    1.171755	0.769255	0.821977
248.962	    1.167942	0.769255	0.820418
248.352	    1.16412	    0.769255	0.818334
247.741	    1.16126	    0.750024	0.816255
247.131	    1.156485	0.750024	0.814176
246.764	    1.153625	0.750024	0.812092
246.032	    1.149811    0.750024	0.810013
245.543	    1.14599	    0.750024	0.808453
245.055	    1.142176	0.750024	0.80637
244.322	    1.139316	0.750024	0.80533
243.956	    1.135494	0.750024	0.802727
243.346	    1.131681	0.750024	0.801167
242.857	    1.128813	0.730792	0.799608
242.369	    1.124999	0.730792	0.797524
241.88	    1.122139	0.730792	0.795445
241.27	    1.118317	0.730792	0.793886
240.904	    1.115457	0.730792	0.791802
240.415	    1.111643	0.711561	0.789723
240.049	    1.107822	0.730792	0.787644
239.56	    1.104008	0.730792	0.78608
239.316	    1.100187	0.730792	0.784001
238.828	    1.096373	0.711561	0.782441
238.339	    1.093513	0.711561	0.780878
237.851	    1.089691	0.711561	0.778798
237.363	    1.085878	0.711561	0.776715
236.874	    1.083017	0.711561	0.775156
236.386	    1.079196	0.711561	0.773596
235.897	    1.076336	0.711561	0.771513
235.531	    1.072522	0.69233	    0.770473
234.921	    1.069654	0.69233	    0.768394
234.554	    1.06584	    0.69233	    0.76631
233.944	    1.06298	    0.69233	    0.764751
233.455	    1.060112	0.69233	    0.763191
233.089	    1.056298	0.69233	    0.761632
232.479	    1.052477	0.69233	    0.759548
231.99	    1.049617	0.69233	    0.757469
231.502	    1.046756	0.69233	    0.756429
231.136	    1.043896	0.69233	    0.754866
230.647	    1.040075	0.673098	0.752787
230.159	    1.037214	0.673098	0.751227
229.67	    1.034354	0.673098	0.749144
229.182	    1.030533	0.673098	0.748104
228.694	    1.027672	0.673098	0.746545
228.205	    1.024812	0.673098	0.744461
227.839	    1.021944	0.653867	0.742382
227.35	    1.019084	0.653867	0.741342
226.862	    1.016224	0.653867	0.739778
226.496	    1.012402	0.653867	0.737699
225.885	    1.010495	0.653867	0.73614
225.519	    1.006682	0.653867	0.735096
225.153	    1.003814	0.653867	0.733536
224.664	    1.001907	0.653867	0.731977
224.176	    0.998093	0.653867	0.730418
223.81	    0.995225	0.634635	0.728334
223.321	    0.992365	0.653867	0.727814
222.955	    0.989505	0.653867	0.726255
222.589	    0.986644	0.653867	0.724171
222.1	    0.983776	0.653867	0.722612
221.734	    0.980916	0.634635	0.721052
221.245	    0.978056	0.634635	0.719489
220.879	    0.975188	0.634635	0.717929
220.391	    0.972328	0.634635	0.71637
220.024	    0.968514	0.634635	0.71481
219.414	    0.965646	0.634635	0.712727
219.048	    0.961832	0.634635	0.711167
218.437	    0.958972	0.634635	0.709608
218.071	    0.95515	    0.615404	0.707005
217.582	    0.95229	    0.615404	0.705445
216.972	    0.948476	0.634635	0.703362
216.484	    0.944655	0.615404	0.701282
215.995	    0.939888	0.615404	0.699203
215.385	    0.93416	    0.615404	0.6966
214.652	    0.927478	0.615404	0.693477
213.797	    0.920804	0.615404	0.689838
212.821	    0.914122	0.615404	0.686195
211.844	    0.907441	0.615404	0.682032
210.989	    0.900767	0.615404	0.678914
210.012	    0.894085	0.615404	0.675271
208.913	    0.887403	0.615404	0.670588
207.814	    0.879768	0.596173	0.666425
206.716	    0.874048	0.576941	0.662787
205.617	    0.866412	0.576941	0.658104
204.518	    0.858777	0.576941	0.652902
203.297	    0.850189	0.576941	0.648739
202.076	    0.843515	0.55771	    0.644576
200.977	    0.83588	    0.55771	    0.640413
199.756	    0.829198	0.55771	    0.635731
198.535	    0.820609	0.55771	    0.631048
197.192	    0.811067	0.538479	0.62637
195.849	    0.802479	0.538479	0.620643
194.383	    0.792937	0.538479	0.615441
192.918	    0.784348	0.519247	0.609719
191.575	    0.775763	0.519247	0.603997
189.988	    0.766221	0.519247	0.598274
188.523	    0.756679	0.500016	0.592032
187.057	    0.747137	0.500016	0.58579
185.47	    0.738549	0.500016	0.579548
183.883	    0.728053	0.480784	0.573822
182.295	    0.718511	0.480784	0.56758
180.708	    0.709923	0.461553	0.561338
179.121	    0.699427	0.461553	0.555616
177.656	    0.690839	0.461553	0.549893
176.068	    0.681297	0.442322	0.543651
174.603	    0.67271	    0.442322	0.537929
173.016	    0.663168	0.442322	0.532203
171.551	    0.65458	    0.42309	    0.525961
169.963	    0.645992	0.42309	    0.520239
168.62	    0.637404	0.42309	    0.515036
167.155	    0.628817	0.403859	0.509314
165.69	    0.620229	0.403859	0.504112
164.347	    0.612595	0.403859	0.498909
162.882	    0.604007	0.384628	0.493187
161.538	    0.59542	    0.384628	0.487465
160.195	    0.58874	    0.384628	0.482262
158.974	    0.581107	0.384628	0.47706
157.631	    0.573473	0.365396	0.471858
156.288	    0.56584	    0.346165	0.467175
154.945	    0.558206	0.365396	0.461453
153.724	    0.550572	0.365396	0.456251
152.503	    0.543893	0.326933	0.451048
151.16	    0.536259	0.326933	0.446366
150.061	    0.52958	    0.326933	0.440643
148.718	    0.521947	0.326933	0.436481
147.497	    0.515267	0.326933	0.430758
146.276	    0.508588	0.326933	0.425556
145.055	    0.501908	0.307702	0.421394
143.834	    0.495229	0.307702	0.416191
142.857	    0.48855	    0.307702	0.411509
141.636	    0.48187	    0.307702	0.406307
140.415	    0.475191	0.307702	0.401625
139.194	    0.467557	0.288471	0.396422
137.973	    0.461832	0.307702	0.39122
136.874	    0.455153	0.288471	0.386017
135.653	    0.449428	0.269239	0.381335
134.554	    0.442748	0.269239	0.376653
133.578	    0.437023	0.269239	0.371451
132.357	    0.431298	0.269239	0.367289
131.258	    0.425573	0.250008	0.363127
130.281	    0.420802	0.269239	0.357925
129.182	    0.415076	0.250008	0.353763
128.205	    0.410305	0.250008	0.349601
127.228	    0.405534	0.250008	0.344919
126.252	    0.399809	0.230777	0.340757
125.397	    0.395038	0.230777	0.337115
124.542	    0.390267	0.230777	0.332953
123.687	    0.385496	0.230777	0.329311
122.833	    0.37977	    0.230777	0.324629
121.856	    0.374045	0.230777	0.319427
120.757	    0.36832	    0.230777	0.315265
119.902	    0.363549	0.211545	0.310583
118.926	    0.357824	0.211545	0.30538
117.949	    0.353053	0.211545	0.301219
116.972	    0.348282	0.211545	0.296536
115.995	    0.343511	0.211545	0.292375
115.14	    0.339694	0.192314	0.288733
114.286	    0.334923	0.192314	0.285091
113.431	    0.331106	0.192314	0.280409
112.454	    0.32729	    0.192314	0.276767
111.722	    0.322519	0.192314	0.273126
110.989	    0.318702	0.173082	0.270004
110.134	    0.315839	0.173082	0.266363
109.402	    0.312022	0.173082	0.262721
108.669	    0.308206	0.173082	0.259079
108.059	    0.304389	0.173082	0.255958
107.326	    0.300572	0.153851	0.252316
106.716	    0.295801	0.153851	0.248674
105.983	    0.292938	0.153851	0.246073
105.372	    0.290076	0.153851	0.242952
104.64	    0.286259	0.153851	0.23983
104.029	    0.283397	0.153851	0.236709
103.541	    0.280534	0.153851	0.233588
102.93	    0.277671	0.153851	0.231507
102.442	    0.275763	0.153851	0.228905
101.832	    0.2729  	0.153851	0.225784
101.465	    0.270992	0.13462	    0.223183
100.977	    0.268129	0.13462	    0.221102
100.611	    0.266221	0.13462	    0.218501
100.122	    0.264313	0.153851	0.21642
99.6337	    0.262404	0.13462	    0.214339
99.2674	    0.260496	0.13462	    0.212257
98.9011	    0.258587	0.13462	    0.210176
98.4127	    0.256679	0.115388	0.208095
98.1685	    0.254771	0.13462	    0.206535
97.8022	    0.252862	0.13462	    0.204974
97.558	    0.251908	0.115388	0.202893
97.1917	    0.25	    0.115388	0.201332
96.9475	    0.249045	0.115388	0.200292
96.5812	    0.248091	0.115388	0.198211
96.337	    0.246183	0.115388	0.19717
96.0928	    0.245229	0.115388	0.195089
95.8486	    0.244274	0.115388	0.193529
95.6044	    0.24332	    0.115388	0.193009
95.3602	    0.241412	0.115388	0.191448
95.116	    0.240458	0.115388	0.190928
94.9939	    0.239503	0.115388	0.189367
94.8718	    0.238549	0.115388	0.188326
94.5055	    0.237595	0.115388	0.186766
94.3834	    0.236641	0.115388	0.185725
94.2613	    0.235687	0.096157	0.185205
94.1392	    0.234732	0.115388	0.184164
93.895	    0.233778	0.096157	0.183124
93.6508	    0.232824	0.096157	0.182084
93.5287	    0.232824	0.115388	0.182084
93.4066	    0.23187 	0.096157	0.180523
93.2845	    0.230916	0.096157	0.179482
93.1624	    0.230916	0.096157	0.178962
93.0403	    0.23187 	0.076926	0.178962
93.4066	    0.244274	0.057694	0.182084
95.9707	    0.256679	0.038463	0.186245
94.5055	    0.266221	0.038463	0.189887
95.2381	    0.2729	    0.038463	0.195089
95.9707	    0.27958	    0.057694	0.199772
96.7033	    0.286259	0.057694	0.204454
97.558	    0.291984	0.057694	0.211737
98.4127	    0.298664	0.076926	0.21746
99.5116	    0.305343	0.076926	0.224223
100.488	    0.312022	0.076926	0.232027
101.832	    0.319656	0.076926	0.240351
103.297	    0.32729	    0.096157	0.248154
104.64	    0.334923	0.096157	0.255958
106.105	    0.343511	0.096157	0.264282
107.57	    0.352099	0.115388	0.273126
109.28	    0.360686	0.13462	    0.28197
110.989	    0.370228	0.13462	    0.291334
112.821	    0.37977	    0.13462	    0.300698
114.652	    0.388358	0.13462	    0.309542
116.361	    0.397901	0.153851	0.319427
118.437	    0.408397	0.153851	0.328791
120.391	    0.418893	0.173082	0.337635
122.222	    0.428435	0.173082	0.34752
124.298	    0.438931	0.192314	0.357404
126.252	    0.449428	0.192314	0.366769
128.449	    0.460878	0.211545	0.375613
130.525	    0.471374	0.211545	0.385497
132.479	    0.482824	0.230777	0.394862
134.676	    0.494275	0.230777	0.403706
136.752	    0.505725	0.250008	0.41359
138.95	    0.516221	0.250008	0.423475
141.148	    0.528626	0.250008	0.432838
143.346	    0.54103	    0.269239	0.442723
145.665	    0.552481	0.269239	0.452608
147.741	    0.564885	0.288471	0.461453
150.061	    0.576336	0.307702	0.470298
152.381	    0.58874	    0.307702	0.479659
154.457	    0.601145  	0.307702	0.489544
156.777	    0.614504	0.326933	0.498389
159.219	    0.626908	0.346165	0.507755
161.416	    0.639313	0.346165	0.51712
163.614	    0.652672	0.365396	0.526481
165.934	    0.665076	0.365396	0.535326
168.254	    0.678435	0.384628	0.544691
170.452	    0.691794	0.384628	0.553536
172.894	    0.704198	0.384628	0.562378
175.336	    0.717557	0.403859	0.570183
177.534	    0.730916	0.42309	    0.579548
179.853	    0.745229	0.42309	    0.588389
182.173	    0.758587	0.442322	0.596715
184.371	    0.771946	0.461553	0.60556
186.569	    0.785302	0.461553	0.614921
188.889	    0.798665	0.461553	0.623247
191.331	    0.812974	0.480784	0.632092
193.407	    0.826338	0.480784	0.639893
195.849	    0.840647	0.500016	0.648739
198.169	    0.85401	    0.519247	0.65706
200.366	    0.868319	0.519247	0.665386
202.564	    0.881683	0.519247	0.673711
204.884	    0.895992	0.538479	0.682032
206.96	    0.909347	0.538479	0.689838
209.158	    0.923664	0.55771	    0.69764
211.477	    0.981869	0.576941	0.706485
213.675	    0.951337	0.576941	0.713767
215.873	    0.964692	0.596173	0.722092
217.949	    0.979009	0.596173	0.729374
220.147	    0.992365	0.615404	0.737179
222.222	    1.005728	0.634635	0.744461
224.42	    1.020037	0.634635	0.752267
226.496	    1.033393	0.634635	0.759029
228.571	    1.046756	0.653867	0.767874
230.647	    1.061065	0.653867	0.774636
232.723	    1.074429	0.69233 	0.781917
234.799	    1.087785	0.69233 	0.789203
236.874	    1.101148	0.69233 	0.795965
238.828	    1.169849	0.711561	0.803251
241.026	    1.187026	0.711561	0.811052
242.979	    1.200381	0.730792	0.817294
245.055	    1.213737	0.730792	0.824061
247.009	    1.228054	0.730792	0.830303
248.84	    1.240456	0.750024	0.837064
250.672	    1.25382	    0.769255	0.843826
252.625	    1.265268	0.769255	0.850592
254.701	    1.277671	0.769255	0.857354
256.654	    1.290073	0.788488	0.863596
258.242	    1.300568	0.807719	0.869838
260.195	    1.311071	0.807719	0.876604
262.149	    1.320613	0.807719	0.882846
263.858	    1.330155	0.826951	0.888049
265.69	    1.337783	0.826951	0.894291
267.643	    1.344464	0.846182	0.901052
269.231	    1.350193	0.846182	0.906779
270.94	    1.35496	    0.865413	0.912501
272.772	    1.35782	    0.865413	0.918743
274.603	    1.358781	0.884645	0.923945
276.313	    1.358781	0.884645	0.930187
278.022	    1.355913	0.884645	0.93487
279.731	    1.351146	0.903876	0.941112
281.441	    1.343511	0.923108	0.946314
283.15	    1.333969	0.923108	0.952556
284.737	    1.32252	    0.923108	0.957759
286.447	    1.30725	    0.923108	0.962441
288.156	    1.291026	0.942339	0.968164
289.499	    1.271942	0.942339	0.972846
291.209	    1.249998	0.96157	    0.978049
292.674	    1.2271	    0.96157	    0.982731
294.139	    1.202288	0.96157	    0.987934
295.849	    1.176523	0.980802	0.992616
297.314	    1.148858	1.000033	0.997818
298.779	    1.120232	1.000033	1.003021
300.244	    1.088738	1.000033	1.007184
301.832	    1.055345	1.019264	1.012906
303.297	    1.021944	1.019264	1.017588
304.64	    0.987598	1.019264	1.022271
306.105	    0.954197	1.038496	1.026434
307.448	    0.920804	1.038496	1.031112
309.035	    0.888357	1.038496	1.035795
310.379	    0.855917	1.057727	1.040997
311.722	    0.82347	    1.076959	1.04568
313.065	    0.792937	1.076959	1.049323
314.53	    0.762404	1.076959	1.053485
315.751	    0.733778	1.076959	1.057648
317.216	    0.708969	1.09619	    1.060247
318.681	    0.685114	1.09619	    1.06389
320.024	    0.661259	1.115421	1.068573
321.123	    0.635496	1.115421	1.072731
322.344	    0.609733	1.115421	1.077934
323.687	    0.585878	1.115421	1.082096
324.908	    0.567748	1.134653	1.0847
326.252	    0.551527	1.153884	1.087818
327.473	    0.537214	1.153884	1.089902
328.449	    0.522901	1.153884	1.093541
329.548	    0.510496	1.173115	1.095624
330.403	    0.497137	1.173115	1.098743
331.258	    0.484733	1.173115	1.101866
332.357	    0.472328	1.173115	1.10447
333.089	    0.459924	1.173115	1.106549
333.822	    0.448473	1.192347	1.110192
334.799	    0.437023	1.192347	1.111231
335.531	    0.425573	1.192347	1.11435
336.386	    0.415076	1.192347	1.116434
336.874	    0.405534	1.211578	1.119033
337.851	    0.395038	1.211578	1.121116
338.462	    0.38645	    1.211578	1.123715
339.316	    0.376908	1.211578	1.125799
340.049	    0.36832	    1.211578	1.128398
340.781	    0.359732	1.23081	1.130481
341.514	    0.351144	1.23081	1.133081
342.247	    0.342557	1.23081	1.135684
342.979	    0.334923	1.23081	1.137763
343.834	    0.32729	    1.23081	1.140362
344.444	    0.319656	1.23081	1.142965
345.177	    0.312022	1.23081	1.145045
345.91	    0.304389	1.23081	1.147648
346.642	    0.297709	1.250041	1.150247
347.375	    0.29103	    1.250041	1.151811
348.107	    0.283397	1.250041	1.15493
348.84	    0.276717	1.250041	1.157013
349.695	    0.270992	1.250041	1.159612
350.427	    0.264313	1.269272	1.162216
351.282	    0.257633	1.269272	1.165334
352.015	    0.251908	1.269272	1.166898
352.747	    0.246183	1.269272	1.170017
353.48	    0.239503	1.288504	1.172101
354.335	    0.233778	1.288504	1.1747
355.067	    0.228053	1.288504	1.176779
355.8	    0.223282	1.288504	1.180422
356.654	    0.217557	1.307735	1.181981
357.509	    0.211832	1.307735	1.186144
358.242	    0.207061	1.307735	1.188228
359.096	    0.20229	    1.307735	1.190307
359.829	    0.197519	1.307735	1.19343
360.806	    0.192748	1.326966	1.195509
361.661	    0.187977	1.326966	1.198112
362.515	    0.183206	1.326966	1.201231
363.126	    0.179389	1.326966	1.203835
363.98	    0.174618	1.326966	1.206434
364.957	    0.170801	1.346198	1.208517
365.812	    0.16603	    1.346198	1.211636
366.545	    0.162213	1.346198	1.214239
367.399	    0.158397	1.365429	1.216839
368.376	    0.15458	    1.365429	1.219962
369.109	    0.150763	1.365429	1.223081
369.963	    0.146946	1.365429	1.224644
370.818	    0.144084	1.365429	1.227243
371.673	    0.140267	1.384661	1.230886
372.527	    0.137404	1.384661	1.232965
373.382	    0.134542	1.384661	1.236089
374.115	    0.130725	1.384661	1.238688
374.969	    0.127862	1.384661	1.241811
375.702	    0.125	    1.403892	1.244934
376.801	    0.122137	1.403892	1.246493
377.656	    0.119275	1.403892	1.249617
378.388	    0.116412	1.423123	1.252216
379.243	    0.113549	1.423123	1.255339
380.098	    0.110687	1.423123	1.257418
381.075	    0.107824	1.423123	1.260541
381.807	    0.105916	1.442355	1.26366
382.662	    0.103053	1.442355	1.266263
383.517	    0.101145	1.442355	1.268862
384.615	    0.099236	1.442355	1.271986
385.348	    0.096374	1.442355	1.274585
386.325	    0.094466	1.461586	1.277188
387.057	    0.092557	1.461586	1.279787
387.912	    0.090649	1.461586	1.28239
388.889	    0.08874	    1.480817	1.284989
389.744	    0.086832	1.480817	1.287073
390.598	    0.084924	1.480817	1.290712
391.575	    0.083015	1.480817	1.293315
392.43	    0.081107	1.480817	1.295914
393.285	    0.079198	1.500049	1.297997
394.139	    0.07729 	1.500049	1.301116
394.994	    0.076336	1.500049	1.30372
395.849	    0.074427	1.500049	1.306319
396.703	    0.073473	1.51928 	1.308922
397.68	    0.071565	1.51928 	1.312045
398.535	    0.069656	1.51928 	1.315164
399.39	    0.068702	1.538512	1.316723
400.366	    0.066794	1.538512	1.318807
401.099	    0.06584	    1.538512	1.32245
401.954	    0.064885	1.538512	1.325049
402.808	    0.062977	1.538512	1.327652
403.663	    0.062023	1.538512	1.330771
404.64	    0.061069	1.557743	1.332855
405.372	    0.05916	    1.557743	1.334934
406.349	    0.058206	1.557743	1.338057
407.082	    0.057252	1.576973	1.340136
408.181	    0.056298	1.576973	1.343779
408.791	    0.055344	1.576973	1.345859
409.646	    0.054389	1.576973	1.348462
410.623	    0.052481	1.596204	1.350541
411.355	    0.052481	1.596204	1.353664
412.21	    0.050573	1.596204	1.355744
412.943	    0.050573	1.615436	1.358343
413.919	    0.049618	1.615436	1.360426
414.652	    0.04771	    1.615436	1.363025
415.385	    0.04771	    1.634667	1.365628
416.117	    0.046756	1.634667	1.368747
416.972	    0.045802	1.634667	1.370831
417.827	    0.044847	1.634667	1.37239
418.559	    0.043893	1.634667	1.374994
419.292	    0.043893	1.634667	1.377593
420.147	    0.042939	1.653898	1.379152
420.879	    0.041985	1.653898	1.382275
421.612	    0.041985	1.653898	1.383315
422.466	    0.040076	1.653898	1.386438
423.321	    0.040076	1.67313	    1.389037
423.932	    0.040076	1.653898	1.39216
424.542	    0.039122	1.67313	    1.39372
425.397	    0.038168	1.67313	    1.396323
426.252	    0.037214	1.67313	    1.398402
426.862	    0.037214	1.692361	1.399442
427.473	    0.036259	1.67313	    1.402565
428.205	    0.036259	1.692361	1.405164
429.06	    0.035305	1.692361	1.407767
429.67	    0.035305	1.711592	1.409327
430.403	    0.034351	1.711592	1.41141
431.258	    0.034351	1.711592	1.41349
431.99	    0.033397	1.711592	1.415569
432.601	    0.032443	1.711592	1.417652
433.333	    0.032443	1.730824	1.419212
434.066	    0.031489	1.730824	1.421815
434.676	    0.031489	1.730824	1.423894
435.409	    0.030534	1.730824	1.425454
436.02	    0.030534	1.730824	1.429097
436.63	    0.030534	1.750055	1.430656
437.363	    0.030534	1.750055	1.43274
437.973	    0.02958 	1.769287	1.434819
438.706	    0.028626	1.769287	1.436378
439.438	    0.028626	1.769287	1.437942
440.049	    0.028626	1.769287	1.440541
440.659	    0.027672	1.769287	1.442625
441.27	    0.027672	1.769287	1.444704
441.758	    0.026718	1.769287	1.445224
442.613	    0.026718	1.788518	1.447827
443.223	    0.026718	1.788518	1.450426
443.712	    0.026718	1.788518	1.45251
444.322	    0.025763	1.788518	1.454069
444.933	    0.025763	1.807749	1.456668
445.421	    0.025763	1.807749	1.458232
446.276	    0.024809	1.788518	1.460311
446.886	    0.024809	1.807749	1.461351
447.375	    0.024809	1.807749	1.463954
447.985	    0.023855	1.807749	1.465513
448.596	    0.023855	1.807749	1.467073
449.328	    0.023855	1.826981	1.468637
449.817	    0.022901	1.826981	1.470196
450.183	    0.022901	1.826981	1.472795
451.038	    0.022901	1.826981	1.474359
451.282	    0.022901	1.846212	1.476438
452.015	    0.022901	1.846212	1.477997
452.503	    0.021947	1.846212	1.479561
453.114	    0.021947	1.846212	1.48164
453.724	    0.021947	1.846212	1.4832
454.09	    0.020992	1.846212	1.484764
454.823	    0.020992	1.865443	1.486323
455.433	    0.020992	1.865443	1.487882
456.044	    0.020992	1.865443	1.488926
456.532	    0.020992	1.865443	1.490486
457.387	    0.020038	1.865443	1.491525
457.753	    0.020038	1.884675	1.493085