Time	Potential 1	Potential 2	Potential 3	Potential 4
t	    Pot 1	    Pot 2	    Pot 3	    Pot 4	   
s	    V	        V	        V	        V	       
								
0	    1.345540	0.063492	2.330890	2.992670	
10	    1.346760	0.063492	2.329670	2.990230	
20	    1.347990	0.062271	2.328450	2.987790	
30	    1.350430	0.063492	2.328450	2.987790	
40	    1.352870	0.063492	2.326010	2.985350	
50	    1.358970	0.063492	2.324790	2.985350	
60	    1.369960	0.063492	2.323570	2.982910	
70	    1.382170	0.063492	2.319900	2.980460	
80	    1.395600	0.063492	2.316240	2.978020	
90	    1.409040	0.063492	2.311360	2.973140	
100	    1.422470	0.063492	2.307690	2.968250	
110	    1.434680	0.063492	2.304030	2.963370	
120	    1.448110	0.063492	2.300370	2.957270	
130	    1.460320	0.062271	2.295480	2.951160	
140	    1.472530	0.063492	2.290600	2.946280	
150	    1.485960	0.062271	2.285710	2.938950	
160	    1.498170	0.062271	2.280830	2.931620	
170	    1.510380	0.062271	2.273500	2.924300	
180	    1.522590	0.062271	2.269840	2.918190	
190	    1.534800	0.062271	2.263740	2.910870	
200	    1.547010	0.061050	2.258850	2.904760	
210	    1.558000	0.061050	2.251530	2.897440	
220	    1.568990	0.061050	2.245420	2.888890	
230	    1.578750	0.061050	2.239320	2.881560	
240	    1.588520	0.059829	2.234430	2.874240	
250	    1.597070	0.059829	2.227110	2.866910	
260	    1.605620	0.059829	2.222220	2.857140	
270	    1.614160	0.059829	2.216120	2.848600	
280	    1.621490	0.059829	2.208790	2.842490	
290	    1.626370	0.059829	2.202690	2.833940	
300	    1.632480	0.058608	2.196580	2.825400	
310	    1.637360	0.058608	2.189260	2.818070	
320	    1.641030	0.058608	2.183150	2.809520	
330	    1.644690	0.058608	2.175820	2.802200	
340	    1.648350	0.058608	2.169720	2.793650	
350	    1.649570	0.057387	2.163610	2.786320	
360 	1.650790	0.057387	2.157510	2.779000	
370	    1.652010	0.057387	2.151400	2.770450	
380	    1.652010	0.057387	2.144080	2.763130	
390	    1.652010	0.057387	2.137970	2.754580	
400	    1.652010	0.056166	2.131870	2.747250	
410	    1.650790	0.056166	2.125760	2.738710	
420	    1.649570	0.056166	2.119660	2.730160	
430	    1.648350	0.054945	2.113550	2.724050	
440	    1.644690	0.054945	2.107450	2.715510	
450	    1.643470	0.056166	2.101340	2.708180	
460	    1.639800	0.054945	2.096460	2.699630	
470	    1.637360	0.054945	2.090350	2.693530	
480	    1.633700	0.054945	2.083030	2.686200	
490	    1.630040	0.054945	2.078140	2.677660	
500	    1.626370	0.053724	2.072040	2.671550	
510     1.622710	0.054945	2.065930	2.663000	
520 	1.619050	0.053724	2.061050	2.656900	
530	    1.614160	0.053724	2.053720	2.648350	
540 	1.610500	0.053724	2.048840	2.642250	
550	    1.605620	0.052503	2.042740	2.634920	
560	    1.601950	0.052503	2.037850	2.628820	
570	    1.597070	0.052503	2.032970	2.621490	
580	    1.592190	0.052503	2.026860	2.614160	
590	    1.587300	0.052503	2.020760	2.606840	
600	    1.582420	0.052503	2.015870	2.599510	
610	    1.577530	0.051282	2.009770	2.593410	
620	    1.572650	0.051282	2.004880	2.586080	
630	    1.567770	0.051282	1.998780	2.581200	
640	    1.562880	0.051282	1.993900	2.573870	
650	    1.558000	0.050061	1.987790	2.567770	
660	    1.553110	0.051282	1.982910	2.560440	
670	    1.548230	0.050061	1.978020	2.554330	
680	    1.543350	0.050061	1.973140	2.548230	
690	    1.538460	0.050061	1.968250	2.542120	
700 	1.533580	0.050061	1.963370	2.536020	
710	    1.528690	0.050061	1.958490	2.529910	
720 	1.523810	0.050061	1.952380	2.523810	
730 	1.518930	0.048840	1.948720	2.517700	
740 	1.514040	0.050061	1.943830	2.511600	
750	    1.509160	0.048840	1.938950	2.505490	
760 	1.504270	0.048840	1.934070	2.499390	
770	    1.499390	0.048840	1.929180	2.495730	
780	    1.494510	0.048840	1.925520	2.489620	
790	    1.489620	0.048840	1.920630	2.483520	
800	    1.485960	0.047619	1.915750	2.477410	
810	    1.479850	0.047619	1.910870	2.471310	
820	    1.476190	0.047619	1.905980	2.467640	
830	    1.471310	0.047619	1.901100	2.460320	
840	    1.466420	0.047619	1.897440	2.455430	
850	    1.461540	0.047619	1.892550	2.450550	
860	    1.457880	0.047619	1.890110	2.443220	
870	    1.452990	0.047619	1.884000	2.439560	
880	    1.448110	0.047619	1.880340	2.433460	
890	    1.444440	0.046398	1.876680	2.428570	
900	    1.439560	0.046398	1.871790	2.423690	
910	    1.435900	0.046398	1.866910	2.418800	
920	    1.431010	0.046398	1.863250	2.412700	
930	    1.427350	0.046398	1.858360	2.409040	
940	    1.422470	0.045177	1.853480	2.404150	
950	    1.417580	0.046398	1.848600	2.400490	
960	    1.412700	0.046398	1.844930	2.395600	
970	    1.407810	0.046398	1.840050	2.393160	
980	    1.402930	0.045177	1.836390	2.388280	
990	    1.399270	0.045177	1.832720	2.383390	
1000	1.394380	0.045177	1.827840	2.378510	
1010	1.389500	0.045177	1.822950	2.373630	
1020	1.385840	0.045177	1.819290	2.368740	
1030	1.380950	0.045177	1.815630	2.363860	
1040	1.377290	0.045177	1.810740	2.358970	
1050	1.372410	0.043956	1.808300	2.355310	
1060	1.368740	0.043956	1.803420	2.349210	
1070	1.363860	0.043956	1.798530	2.345540	
1080	1.360200	0.043956	1.794870	2.339440	
1090	1.356530	0.043956	1.791210	2.334550	
1100	1.351650	0.043956	1.787550	2.330890	
1110	1.346760	0.043956	1.782660	2.324790	
1120	1.343100	0.043956	1.777780	2.319900	
1130	1.339440	0.043956	1.775340	2.315020	
1140	1.335780	0.043956	1.771670	2.311360	
1150	1.330890	0.042735	1.766790	2.306470	
1160	1.327230	0.042735	1.763130	2.301590	
1170	1.323570	0.042735	1.758240	2.296700	
1180	1.318680	0.042735	1.755800	2.291820	
1190	1.315020	0.042735	1.752140	2.286940	
1200	1.311360	0.042735	1.747250	2.282050	
1210	1.307690	0.041514	1.742370	2.278390	
1220	1.304030	0.041514	1.739930	2.273500	
1230	1.300370	0.041514	1.736260	2.268620	
1240	1.295480	0.041514	1.731380	2.264960	
1250	1.293040	0.041514	1.727720	2.258850	
1260	1.288160	0.041514	1.725270	2.255190	
1270	1.284490	0.041514	1.721610	2.251530	
1280	1.282050	0.041514	1.717950	2.246640	
1290	1.277170	0.041514	1.714290	2.241760	
1300	1.273500	0.040293	1.709400	2.238100	
1310	1.269840	0.041514	1.708180	2.233210	
1320	1.266180	0.041514	1.704520	2.229550	
1330	1.262520	0.041514	1.699630	2.225890	
1340	1.258850	0.041514	1.695970	2.221000	
1350	1.255190	0.040293	1.692310	2.217340	
1360	1.251530	0.040293	1.688640	2.212450	
1370	1.247860	0.040293	1.684980	2.208790	
1380	1.244200	0.040293	1.681320	2.203910	
1390	1.239320	0.040293	1.677660	2.200240	
1400	1.235650	0.040293	1.672770	2.194140	
1410	1.230770	0.040293	1.669110	2.190480	
1420	1.227110	0.040293	1.665450	2.184370	
1430	1.222220	0.039072	1.659340	2.180710	
1440	1.218560	0.039072	1.655680	2.175820	
1450	1.213680	0.040293	1.650790	2.169720	
1460	1.208790	0.039072	1.645910	2.164840	
1470	1.202690	0.039072	1.641030	2.159950	
1480	1.195360	0.039072	1.634920	2.153850	
1490	1.186810	0.039072	1.627590	2.146520	
1500	1.178270	0.039072	1.619050	2.137970	
1510	1.169720	0.039072	1.610500	2.128210	
1520	1.161170	0.039072	1.600730	2.118440	
1530	1.152630	0.039072	1.593410	2.109890	
1540	1.144080	0.039072	1.584860	2.100120	
1550	1.135530	0.039072	1.573870	2.089130	
1560	1.125760	0.037851	1.564100	2.078140	
1570	1.118440	0.036630	1.555560	2.067160	
1580	1.108670	0.036630	1.544570	2.056170	
1590	1.098900	0.036630	1.532360	2.045180	
1600	1.087910	0.036630	1.522590	2.032970	
1610	1.079370	0.035409	1.512820	2.020760	
1620	1.069600	0.035409	1.503050	2.009770	
1630	1.061050	0.035409	1.492060	1.997560	
1640	1.050060	0.035409	1.481070	1.985350	
1650	1.037850	0.034188	1.470090	1.971920	
1660	1.026860	0.034188	1.456650	1.958490	
1670	1.014650	0.034188	1.444440	1.943830	
1680	1.003660	0.032967	1.431010	1.929180	
1690	0.992674	0.032967	1.417580	1.915750	
1700	0.980464	0.032967	1.404150	1.899880	
1710	0.968254	0.031746	1.389500	1.885230	
1720	0.956044	0.031746	1.374850	1.870570	
1730	0.945055	0.031746	1.360200	1.854700	
1740	0.931624	0.030525	1.346760	1.838830	
1750	0.919414	0.030525	1.332110	1.822950	
1760	0.908425	0.029304	1.317460	1.807080	
1770	0.894994	0.029304	1.304030	1.791210	
1780	0.884005	0.029304	1.290600	1.776560	
1790	0.871795	0.028083	1.275950	1.760680	
1800	0.860806	0.028083	1.262520	1.746030	
1810	0.848596	0.028083	1.249080	1.730160	
1820	0.837607	0.026862	1.234430	1.715510	
1830	0.826618	0.026862	1.221000	1.699630	
1840	0.815629	0.026862	1.208790	1.686200	
1850	0.804640	0.025641	1.195360	1.671550	
1860	0.793651	0.025641	1.183150	1.656900	
1870	0.783883	0.025641	1.170940	1.643470	
1880	0.772894	0.024420	1.157510	1.628820	
1890	0.761905	0.024420	1.144080	1.615380	
1900	0.753358	0.024420	1.131870	1.601950	
1910	0.743590	0.024420	1.119660	1.589740	
1920	0.733822	0.023199	1.107450	1.576310	
1930	0.724054	0.021978	1.096460	1.562880	
1940	0.714286	0.023199	1.083030	1.549450	
1950	0.704518	0.023199	1.070820	1.537240	
1960	0.695971	0.020757	1.058610	1.525030	
1970	0.686203	0.020757	1.047620	1.511600	
1980	0.677656	0.020757	1.034190	1.500610	
1990	0.667888	0.020757	1.024420	1.487180	
2000	0.659341	0.020757	1.010990	1.474970	
2010	0.650794	0.020757	0.998779	1.462760	
2020	0.642247	0.019536	0.989011	1.450550	
2030	0.633700	0.019536	0.976801	1.438340	
2040	0.625153	0.019536	0.965812	1.428570	
2050	0.616606	0.019536	0.953602	1.416360	
2060	0.608059	0.019536	0.942613	1.404150	
2070	0.598291	0.018315	0.930403	1.391940	
2080	0.590965	0.019536	0.918193	1.379730	
2090	0.582418	0.018315	0.905983	1.368740	
2100	0.575092	0.017094	0.894994	1.356530	
2110	0.566545	0.017094	0.884005	1.345540	
2120	0.559219	0.017094	0.871795	1.335780	
2130	0.551893	0.017094	0.862027	1.323570	
2140	0.544567	0.015873	0.852259	1.312580	
2150	0.538462	0.017094	0.840049	1.302810	
2160	0.531136	0.015873	0.830281	1.291820	
2170	0.525031	0.015873	0.820513	1.282050	
2180	0.518926	0.015873	0.809524	1.272280	
2190	0.511600	0.014652	0.799756	1.262520	
2200	0.505495	0.014652	0.791209	1.253970	
2210	0.499389	0.014652	0.781441	1.245420	
2220	0.493284	0.014652	0.772894	1.236870	
2230	0.485958	0.014652	0.761905	1.228330	
2240	0.478632	0.014652	0.749695	1.218560	
2250	0.471306	0.014652	0.739927	1.207570	
2260	0.465201	0.013431	0.728938	1.199020	
2270	0.457875	0.013431	0.716728	1.189260	
2280	0.451770	0.013431	0.706960	1.179490	
2290	0.445665	0.013431	0.695971	1.169720	
2300	0.439560	0.013431	0.686203	1.159950	
2310	0.434676	0.012210	0.677656	1.151400	
2320	0.428571	0.012210	0.669109	1.142860	
2330	0.423687	0.012210	0.658120	1.134310	
2340	0.418803	0.012210	0.649573	1.124540	
2350	0.412698	0.012210	0.641026	1.117220	
2360	0.407814	0.010989	0.633700	1.109890	
2370	0.404151	0.010989	0.625153	1.101340	
2380	0.399267	0.010989	0.616606	1.094020	
2390	0.394383	0.010989	0.608059	1.086690	
2400	0.389499	0.010989	0.600733	1.080590	
2410	0.384615	0.009768	0.592186	1.073260	
2420	0.378510	0.009768	0.583639	1.067160	
2430	0.374847	0.009768	0.577534	1.059830	
2440	0.371184	0.009768	0.570208	1.053720	
2450	0.366300	0.009768	0.562882	1.046400	
2460	0.362637	0.009768	0.555556	1.040290	
2470	0.358974	0.009768	0.548230	1.035410	
2480	0.355311	0.009768	0.543346	1.029300	
2490	0.352869	0.009768	0.537241	1.024420	
2500	0.349206	0.009768	0.529915	1.018320	
2510	0.346764	0.008547	0.523810	1.014650	
2520	0.343101	0.008547	0.518926	1.009770	
2530	0.340659	0.008547	0.512821	1.006110	
2540	0.338217	0.009768	0.507937	1.001220	
2550	0.335775	0.008547	0.503053	0.996337	
2560	0.333333	0.008547	0.498168	0.992674	
2570	0.330891	0.008547	0.493284	0.989011	
2580	0.328449	0.007326	0.488400	0.984127	
2590	0.326007	0.008547	0.484737	0.981685	
2600	0.323565	0.008547	0.481074	0.978022	
2610	0.322344	0.007326	0.476190	0.975580	
2620	0.319902	0.007326	0.472527	0.971917	
2630	0.318681	0.007326	0.470085	0.969475	
2640	0.317460	0.007326	0.465201	0.965812	
2650	0.315018	0.007326	0.462759	0.963370	
2660	0.313797	0.007326	0.457875	0.960928	
2670	0.312576	0.007326	0.454212	0.958486	
2680	0.311355	0.007326	0.452991	0.956044	
2690	0.308913	0.007326	0.449328	0.953602	
2700	0.307692	0.007326	0.448107	0.951160	
2710	0.306471	0.007326	0.444444	0.949939	
2720	0.305250	0.007326	0.442002	0.948718	
2730	0.304029	0.007326	0.438339	0.945055	
2740	0.302808	0.007326	0.435897	0.943834	
2750	0.301587	0.006105	0.434676	0.942613	
2760	0.300366	0.007326	0.432234	0.941392	
2770	0.299145	0.006105	0.429792	0.938950	
2780	0.297924	0.006105	0.427350	0.936508	
2790	0.297924	0.007326	0.427350	0.935287	
2800	0.296703	0.006105	0.423687	0.934066	
2810	0.295482	0.006105	0.421245	0.932845	
2820	0.295482	0.006105	0.420024	0.931624	
2830	0.296703	0.004884	0.420024	0.930403	
2840	0.312576	0.003663	0.427350	0.934066	
2850	0.328449	0.002442	0.437118	0.959707	
2860	0.340659	0.002442	0.445665	0.945055	
2870	0.349206	0.002442	0.457875	0.952381	
2880	0.357753	0.003663	0.468864	0.959707	
2890	0.366300	0.003663	0.479853	0.967033	
2900	0.373626	0.003663	0.496947	0.975580	
2910	0.382173	0.004884	0.510379	0.984127	
2920	0.390720	0.004884	0.526252	0.995116	
2930	0.399267	0.004884	0.544567	1.004880	
2940	0.409035	0.004884	0.564103	1.018320	
2950	0.418803	0.006105	0.582418	1.032970	
2960	0.428571	0.006105	0.600733	1.046400	
2970	0.439560	0.006105	0.620269	1.061050	
2980	0.450549	0.007326	0.641026	1.075700	
2990	0.461538	0.008547	0.661783	1.092800	
3000	0.473748	0.008547	0.683761	1.109890	
3010	0.485958	0.008547	0.705739	1.128210	
3020	0.496947	0.008547	0.726496	1.146520	
3030	0.509158	0.009768	0.749695	1.163610	
3040	0.522589	0.009768	0.771673	1.184370	
3050	0.536020	0.010989	0.792430	1.203910	
3060	0.548230	0.010989	0.815629	1.222220	
3070	0.561661	0.012210	0.838828	1.242980	
3080	0.575092	0.012210	0.860806	1.262520	
3090	0.589744	0.013431	0.881563	1.284490	
3100	0.603175	0.013431	0.904762	1.305250	
3110	0.617827	0.014652	0.926740	1.324790	
3120	0.632479	0.014652	0.947497	1.346760	
3130	0.647131	0.015873	0.970696	1.367520	
3140	0.660562	0.015873	0.993895	1.389500	
3150	0.676435	0.015873	1.015870	1.411480	
3160	0.692308	0.017094	1.039070	1.433460	
3170	0.706960	0.017094	1.062270	1.456650	
3180	0.722833	0.018315	1.083030	1.477410	
3190	0.737485	0.019536	1.103790	1.500610	
3200	0.753358	0.019536	1.125760	1.523810	
3210	0.769231	0.019536	1.148960	1.544570	
3220	0.786325	0.020757	1.169720	1.567770	
3230	0.802198	0.021978	1.191700	1.592190	
3240	0.818071	0.021978	1.213680	1.614160	
3250	0.835165	0.023199	1.235650	1.636140	
3260	0.851038	0.023199	1.256410	1.659340	
3270	0.868132	0.024420	1.278390	1.682540	
3280	0.885226	0.024420	1.299150	1.704520	
3290	0.901099	0.024420	1.319900	1.728940	
3300	0.918193	0.025641	1.338220	1.753360	
3310	0.935287	0.026862	1.360200	1.775340	
3320	0.953602	0.026862	1.380950	1.798530	
3330	0.970696	0.028083	1.400490	1.821730	
3340	0.987790	0.029304	1.421250	1.843710	
3350	1.004880	0.029304	1.443220	1.865690	
3360	1.021980	0.029304	1.462760	1.888890	
3370	1.040290	0.030525	1.483520	1.913310	
3380	1.057390	0.030525	1.501830	1.934070	
3390	1.075700	0.031746	1.522590	1.958490	
3400	1.092800	0.032967	1.542120	1.981690	
3410	1.111110	0.032967	1.561660	2.003660	
3420	1.128210	0.032967	1.581200	2.025640	
3430	1.146520	0.034188	1.600730	2.048840	
3440	1.163610	0.034188	1.619050	2.069600	
3450	1.181930	0.035409	1.637360	2.091580	
3460	1.256410	0.036630	1.658120	2.114770	
3470	1.217340	0.036630	1.675210	2.136750	
3480	1.234430	0.037851	1.694750	2.158730	
3490	1.252750	0.037851	1.711840	2.179490	
3500	1.269840	0.039072	1.730160	2.201470	
3510	1.286940	0.040293	1.747250	2.222220	
3520	1.305250	0.040293	1.765570	2.244200	
3530	1.322340	0.040293	1.781440	2.264960	
3540	1.339440	0.041514	1.802200	2.285710	
3550	1.357750	0.041514	1.818070	2.306470	
3560	1.374850	0.043956	1.835160	2.327230	
3570	1.391940	0.043956	1.852260	2.347990	
3580	1.409040	0.043956	1.868130	2.368740	
3590	1.496950	0.045177	1.885230	2.388280	
3600	1.518930	0.045177	1.903540	2.410260	
3610	1.536020	0.046398	1.918190	2.429790	
3620	1.553110	0.046398	1.934070	2.450550	
3630	1.571430	0.046398	1.948720	2.470090	
3640	1.587300	0.047619	1.964590	2.488400	
3650	1.604400	0.048840	1.980460	2.506720	
3660	1.619050	0.048840	1.996340	2.526250	
3670	1.634920	0.048840	2.012210	2.547010	
3680	1.650790	0.050061	2.026860	2.566540	
3690	1.664220	0.051282	2.041510	2.582420	
3700	1.677660	0.051282	2.057390	2.601950	
3710	1.689870	0.051282	2.072040	2.621490	
3720	1.702080	0.052503	2.084250	2.638580	
3730	1.711840	0.052503	2.098900	2.656900	
3740	1.720390	0.053724	2.114770	2.676430	
3750	1.727720	0.053724	2.128210	2.692310	
3760	1.733820	0.054945	2.141640	2.709400	
3770	1.737480	0.054945	2.156290	2.727720	
3780	1.738710	0.056166	2.168500	2.746030	
3790	1.738710	0.056166	2.183150	2.763130	
3800	1.735040	0.056166	2.194140	2.780220	
3810	1.728940	0.057387	2.208790	2.797310	
3820	1.719170	0.058608	2.221000	2.814410	
3830	1.706960	0.058608	2.235650	2.831500	
3840	1.692310	0.058608	2.247860	2.847370	
3850	1.672770	0.058608	2.258850	2.864470	
3860	1.652010	0.059829	2.272280	2.881560	
3870	1.627590	0.059829	2.283270	2.894990	
3880	1.599510	0.061050	2.295480	2.912090	
3890	1.570210	0.061050	2.306470	2.926740	
3900	1.538460	0.061050	2.318680	2.941390	
3910	1.505490	0.062271	2.329670	2.958490	
3920	1.470090	0.063492	2.341880	2.973140	
3930	1.433460	0.063492	2.354090	2.987790	
3940	1.393160	0.063492	2.363860	3.002440	
3950	1.350430	0.064713	2.377290	3.018320	
3960	1.307690	0.064713	2.388280	3.032970	
3970	1.263740	0.064713	2.399270	3.046400	
3980	1.221000	0.065934	2.409040	3.061050	
3990	1.178270	0.065934	2.420020	3.074480	
4000	1.136750	0.065934	2.431010	3.090350	
4010	1.095240	0.067155	2.443220	3.103790	
4020	1.053720	0.068376	2.454210	3.117220	
4030	1.014650	0.068376	2.462760	3.130650	
4040	0.975580	0.068376	2.472530	3.145300	
4050	0.938950	0.068376	2.482300	3.157510	
4060	0.907204	0.069597	2.488400	3.172160	
4070	0.876679	0.069597	2.496950	3.186810	
4080	0.846154	0.070818	2.507940	3.200240	
4090	0.813187	0.070818	2.517700	3.211230	
4100	0.780220	0.070818	2.529910	3.223440	
4110	0.749695	0.070818	2.539680	3.236870	
4120	0.726496	0.072039	2.545790	3.249080	
4130	0.705739	0.073260	2.553110	3.262520	
4140	0.687424	0.073260	2.558000	3.274730	
4150	0.669109	0.073260	2.566540	3.284490	
4160	0.653236	0.074481	2.571430	3.295480	
4170	0.636142	0.074481	2.578750	3.304030	
4180	0.620269	0.074481	2.586080	3.312580	
4190	0.604396	0.074481	2.592190	3.323570	
4200	0.588523	0.074481	2.597070	3.330890	
4210	0.573871	0.075702	2.605620	3.338220	
4220	0.559219	0.075702	2.608060	3.347990	
4230	0.544567	0.075702	2.615380	3.355310	
4240	0.531136	0.075702	2.620270	3.363860	
4250	0.518926	0.076923	2.626370	3.368740	
4260	0.505495	0.076923	2.631260	3.378510	
4270	0.494505	0.076923	2.637360	3.384620	
4280	0.482295	0.076923	2.642250	3.393160	
4290	0.471306	0.076923	2.648350	3.400490	
4300	0.460317	0.078144	2.653240	3.407810	
4310	0.449328	0.078144	2.659340	3.415140	
4320	0.438339	0.078144	2.665450	3.422470	
4330	0.428571	0.078144	2.670330	3.429790	
4340	0.418803	0.078144	2.676430	3.438340	
4350	0.409035	0.078144	2.682540	3.444440	
4360	0.399267	0.078144	2.687420	3.451770	
4370	0.389499	0.078144	2.693530	3.459100	
4380	0.380952	0.079365	2.699630	3.466420	
4390	0.372405	0.079365	2.703300	3.473750	
4400	0.362637	0.079365	2.710620	3.481070	
4410	0.354090	0.079365	2.715510	3.488400	
4420	0.346764	0.079365	2.721610	3.496950	
4430	0.338217	0.080586	2.727720	3.504270	
4440	0.329670	0.080586	2.735040	3.512820	
4450	0.322344	0.080586	2.738710	3.520150	
4460	0.315018	0.080586	2.746030	3.527470	
4470	0.306471	0.081807	2.750920	3.534800	
4480	0.299145	0.081807	2.757020	3.543350	
4490	0.291819	0.081807	2.761900	3.550670	
4500	0.285714	0.081807	2.770450	3.558000	
4510	0.278388	0.083028	2.774110	3.566540	
4520	0.271062	0.083028	2.783880	3.575090	
4530	0.264957	0.083028	2.788770	3.582420	
4540	0.258852	0.083028	2.793650	3.590960	
4550	0.252747	0.083028	2.800980	3.598290	
4560	0.246642	0.084249	2.805860	3.608060	
4570	0.240537	0.084249	2.811970	3.616610	
4580	0.234432	0.084249	2.819290	3.625150	
4590	0.229548	0.084249	2.825400	3.631260	
4600	0.223443	0.084249	2.831500	3.639800	
4610	0.218559	0.085470	2.836390	3.649570	
4620	0.212454	0.085470	2.843710	3.658120	
4630	0.207570	0.085470	2.849820	3.665450	
4640	0.202686	0.086691	2.855920	3.673990	
4650	0.197802	0.086691	2.863250	3.683760	
4660	0.192918	0.086691	2.870570	3.691090	
4670	0.188034	0.086691	2.874240	3.699630	
4680	0.184371	0.086691	2.880340	3.708180	
4690	0.179487	0.087912	2.888890	3.716730	
4700	0.175824	0.087912	2.893770	3.725270	
4710	0.172161	0.087912	2.901100	3.733820	
4720	0.167277	0.087912	2.907200	3.741150	
4730	0.163614	0.087912	2.914530	3.749690	
4740	0.159951	0.089133	2.921860	3.757020	
4750	0.156288	0.089133	2.925520	3.768010	
4760	0.152625	0.089133	2.932850	3.776560	
4770	0.148962	0.090354	2.938950	3.783880	
4780	0.145299	0.090354	2.946280	3.792430	
4790	0.141636	0.090354	2.951160	3.800980	
4800	0.137973	0.090354	2.958490	3.810750	
4810	0.135531	0.091575	2.965810	3.818070	
4820	0.131868	0.091575	2.971920	3.826620	
4830	0.129426	0.091575	2.978020	3.835170	
4840	0.126984	0.091575	2.985350	3.846150	
4850	0.123321	0.091575	2.991450	3.853480	
4860	0.120879	0.092796	2.997560	3.863250	
4870	0.118437	0.092796	3.003660	3.870570	
4880	0.115995	0.092796	3.009770	3.879120	
4890	0.113553	0.094017	3.015870	3.888890	
4900	0.111111	0.094017	3.020760	3.897440	
4910	0.108669	0.094017	3.029300	3.905980	
4920	0.106227	0.094017	3.035410	3.915750	
4930	0.103785	0.094017	3.041510	3.924300	
4940	0.101343	0.095238	3.046400	3.932850	
4950	0.098901	0.095238	3.053720	3.941390	
4960	0.097680	0.095238	3.059830	3.949940	
4970	0.095238	0.095238	3.065930	3.958490	
4980	0.094017	0.096459	3.072040	3.967030	
4990	0.091575	0.096459	3.079370	3.976800	
5000	0.089133	0.096459	3.086690	3.985350	
5010	0.087912	0.097680	3.090350	3.993900	
5020	0.085470	0.097680	3.095240	4.003660	
5030	0.084249	0.097680	3.103790	4.010990	
5040	0.083028	0.097680	3.109890	4.019540	
5050	0.080586	0.097680	3.116000	4.028080	
5060	0.079365	0.097680	3.123320	4.036630	
5070	0.078144	0.098901	3.128210	4.046400	
5080	0.075702	0.098901	3.133090	4.053720	
5090	0.074481	0.098901	3.140420	4.063490	
5100	0.073260	0.100122	3.145300	4.070820	
5110	0.072039	0.100122	3.153850	4.081810	
5120	0.070818	0.100122	3.158730	4.087910	
5130	0.069597	0.100122	3.164840	4.096460	
5140	0.067155	0.101343	3.169720	4.106230	
5150	0.067155	0.101343	3.177050	4.113550	
5160	0.064713	0.101343	3.181930	4.122100	
5170	0.064713	0.102564	3.188030	4.129430	
5180	0.063492	0.102564	3.192920	4.139190	
5190	0.061050	0.102564	3.199020	4.146520	
5200	0.061050	0.103785	3.205130	4.153850	
5210	0.059829	0.103785	3.212450	4.161170	
5220	0.058608	0.103785	3.217340	4.169720	
5230	0.057387	0.103785	3.221000	4.178270	
5240	0.056166	0.103785	3.227110	4.185590	
5250	0.056166	0.103785	3.233210	4.192920	
5260	0.054945	0.105006	3.236870	4.201470	
5270	0.053724	0.105006	3.244200	4.208790	
5280	0.053724	0.105006	3.246640	4.216120	
5290	0.051282	0.105006	3.253970	4.224660	
5300	0.051282	0.106227	3.260070	4.233210	
5310	0.051282	0.105006	3.267400	4.239320	
5320	0.050061	0.106227	3.271060	4.245420	
5330	0.048840	0.106227	3.277170	4.253970	
5340	0.047619	0.106227	3.282050	4.262520	
5350	0.047619	0.107448	3.284490	4.268620	
5360	0.046398	0.106227	3.291820	4.274730	
5370	0.046398	0.107448	3.297920	4.282050	
5380	0.045177	0.107448	3.304030	4.290600	
5390	0.045177	0.108669	3.307690	4.296700	
5400	0.043956	0.108669	3.312580	4.304030	
5410	0.043956	0.108669	3.317460	4.312580	
5420	0.042735	0.108669	3.322340	4.319900	
5430	0.041514	0.108669	3.327230	4.326010	
5440	0.041514	0.109890	3.330890	4.333330	
5450	0.040293	0.109890	3.337000	4.340660	
5460	0.040293	0.109890	3.341880	4.346760	
5470	0.039072	0.109890	3.345540	4.354090	
5480	0.039072	0.109890	3.354090	4.360200	
5490	0.039072	0.111111	3.357750	4.366300	
5500	0.039072	0.111111	3.362640	4.373630	
5510	0.037851	0.112332	3.367520	4.379730	
5520	0.036630	0.112332	3.371180	4.387060	
5530	0.036630	0.112332	3.374850	4.394380	
5540	0.036630	0.112332	3.380950	4.400490	
5550	0.035409	0.112332	3.385840	4.406590	
5560	0.035409	0.112332	3.390720	4.412700	
5570	0.034188	0.112332	3.391940	4.417580	
5580	0.034188	0.113553	3.398050	4.426130	
5590	0.034188	0.113553	3.404150	4.432230	
5600	0.034188	0.113553	3.409040	4.437120	
5610	0.032967	0.113553	3.412700	4.443220	
5620	0.032967	0.114774	3.418800	4.449330	
5630	0.032967	0.114774	3.422470	4.454210	
5640	0.031746	0.113553	3.427350	4.462760	
5650	0.031746	0.114774	3.429790	4.468860	
5660	0.031746	0.114774	3.435900	4.473750	
5670	0.030525	0.114774	3.439560	4.479850	
5680	0.030525	0.114774	3.443220	4.485960	
5690	0.030525	0.115995	3.446890	4.493280	
5700	0.029304	0.115995	3.450550	4.498170	
5710	0.029304	0.115995	3.456650	4.501830	
5720	0.029304	0.115995	3.460320	4.510380	
5730	0.029304	0.117216	3.465200	4.512820	
5740	0.029304	0.117216	3.468860	4.520150	
5750	0.028083	0.117216	3.472530	4.525030	
5760	0.028083	0.117216	3.477410	4.531140	
5770	0.028083	0.117216	3.481070	4.537240	
5780	0.026862	0.117216	3.484740	4.540900	
5790	0.026862	0.118437	3.488400	4.548230	
5800	0.026862	0.118437	3.492060	4.554330	
5810	0.026862	0.118437	3.494510	4.560440	
5820	0.026862	0.118437	3.498170	4.565320	
5830	0.025641	0.118437	3.500610	4.573870	
5840	0.025641	0.119658	3.504270	4.577530	