0.0634921
0.0634921
0.0622711
0.0634921
0.0634921
0.0634921
0.0634921
0.0634921
0.0634921
0.0634921
0.0634921
0.0634921
0.0634921
0.0622711
0.0634921
0.0622711
0.0622711
0.0622711
0.0622711
0.0622711
0.0610501
0.0610501
0.0610501
0.0610501
0.0598291
0.0598291
0.0598291
0.0598291
0.0598291
0.0598291
0.0586081
0.0586081
0.0586081
0.0586081
0.0586081
0.0573871
0.0573871
0.0573871
0.0573871
0.0573871
0.0561661
0.0561661
0.0561661
0.0549451
0.0549451
0.0561661
0.0549451
0.0549451
0.0549451
0.0549451
0.0537241
0.0549451
0.0537241
0.0537241
0.0537241
0.0525031
0.0525031
0.0525031
0.0525031
0.0525031
0.0525031
0.0512821
0.0512821
0.0512821
0.0512821
0.0500611
0.0512821
0.0500611
0.0500611
0.0500611
0.0500611
0.0500611
0.0500611
0.04884
0.0500611
0.04884
0.04884
0.04884
0.04884
0.04884
0.047619
0.047619
0.047619
0.047619
0.047619
0.047619
0.047619
0.047619
0.047619
0.046398
0.046398
0.046398
0.046398
0.046398
0.045177
0.046398
0.046398
0.046398
0.045177
0.045177
0.045177
0.045177
0.045177
0.045177
0.045177
0.043956
0.043956
0.043956
0.043956
0.043956
0.043956
0.043956
0.043956
0.043956
0.043956
0.042735
0.042735
0.042735
0.042735
0.042735
0.042735
0.041514
0.041514
0.041514
0.041514
0.041514
0.041514
0.041514
0.041514
0.041514
0.040293
0.041514
0.041514
0.041514
0.041514
0.040293
0.040293
0.040293
0.040293
0.040293
0.040293
0.040293
0.040293
0.039072
0.039072
0.040293
0.039072
0.039072
0.039072
0.039072
0.039072
0.039072
0.039072
0.039072
0.039072
0.039072
0.037851
0.03663
0.03663
0.03663
0.03663
0.035409
0.035409
0.035409
0.035409
0.034188
0.034188
0.034188
0.032967
0.032967
0.032967
0.031746
0.031746
0.031746
0.030525
0.030525
0.029304
0.029304
0.029304
0.028083
0.028083
0.028083
0.026862
0.026862
0.026862
0.025641
0.025641
0.025641
0.02442
0.02442
0.02442
0.02442
0.023199
0.021978
0.023199
0.023199
0.020757
0.020757
0.020757
0.020757
0.020757
0.020757
0.019536
0.019536
0.019536
0.019536
0.019536
0.018315
0.019536
0.018315
0.017094
0.017094
0.017094
0.017094
0.015873
0.017094
0.015873
0.015873
0.015873
0.014652
0.014652
0.014652
0.014652
0.014652
0.014652
0.014652
0.013431
0.013431
0.013431
0.013431
0.013431
0.01221
0.01221
0.01221
0.01221
0.01221
0.010989
0.010989
0.010989
0.010989
0.010989
0.00976801
0.00976801
0.00976801
0.00976801
0.00976801
0.00976801
0.00976801
0.00976801
0.00976801
0.00976801
0.00854701
0.00854701
0.00854701
0.00976801
0.00854701
0.00854701
0.00854701
0.00732601
0.00854701
0.00854701
0.00732601
0.00732601
0.00732601
0.00732601
0.00732601
0.00732601
0.00732601
0.00732601
0.00732601
0.00732601
0.00732601
0.00732601
0.00732601
0.00732601
0.00610501
0.00732601
0.00610501
0.00610501
0.00732601
0.00610501
0.00610501
0.00610501
0.00488401
0.003663
0.002442
0.002442
0.002442
0.003663
0.003663
0.003663
0.00488401
0.00488401
0.00488401
0.00488401
0.00610501
0.00610501
0.00610501
0.00732601
0.00854701
0.00854701
0.00854701
0.00854701
0.00976801
0.00976801
0.010989
0.010989
0.01221
0.01221
0.013431
0.013431
0.014652
0.014652
0.015873
0.015873
0.015873
0.017094
0.017094
0.018315
0.019536
0.019536
0.019536
0.020757
0.021978
0.021978
0.023199
0.023199
0.02442
0.02442
0.02442
0.025641
0.026862
0.026862
0.028083
0.029304
0.029304
0.029304
0.030525
0.030525
0.031746
0.032967
0.032967
0.032967
0.034188
0.034188
0.035409
0.03663
0.03663
0.037851
0.037851
0.039072
0.040293
0.040293
0.040293
0.041514
0.041514
0.043956
0.043956
0.043956
0.045177
0.045177
0.046398
0.046398
0.046398
0.047619
0.04884
0.04884
0.04884
0.0500611
0.0512821
0.0512821
0.0512821
0.0525031
0.0525031
0.0537241
0.0537241
0.0549451
0.0549451
0.0561661
0.0561661
0.0561661
0.0573871
0.0586081
0.0586081
0.0586081
0.0586081
0.0598291
0.0598291
0.0610501
0.0610501
0.0610501
0.0622711
0.0634921
0.0634921
0.0634921
0.0647131
0.0647131
0.0647131
0.0659341
0.0659341
0.0659341
0.0671551
0.0683761
0.0683761
0.0683761
0.0683761
0.0695971
0.0695971
0.0708181
0.0708181
0.0708181
0.0708181
0.0720391
0.0732601
0.0732601
0.0732601
0.0744811
0.0744811
0.0744811
0.0744811
0.0744811
0.0757021
0.0757021
0.0757021
0.0757021
0.0769231
0.0769231
0.0769231
0.0769231
0.0769231
0.0781441
0.0781441
0.0781441
0.0781441
0.0781441
0.0781441
0.0781441
0.0781441
0.0793651
0.0793651
0.0793651
0.0793651
0.0793651
0.0805861
0.0805861
0.0805861
0.0805861
0.0818071
0.0818071
0.0818071
0.0818071
0.0830281
0.0830281
0.0830281
0.0830281
0.0830281
0.0842491
0.0842491
0.0842491
0.0842491
0.0842491
0.0854701
0.0854701
0.0854701
0.0866911
0.0866911
0.0866911
0.0866911
0.0866911
0.0879121
0.0879121
0.0879121
0.0879121
0.0879121
0.0891331
0.0891331
0.0891331
0.0903541
0.0903541
0.0903541
0.0903541
0.0915751
0.0915751
0.0915751
0.0915751
0.0915751
0.0927961
0.0927961
0.0927961
0.0940171
0.0940171
0.0940171
0.0940171
0.0940171
0.0952381
0.0952381
0.0952381
0.0952381
0.0964591
0.0964591
0.0964591
0.0976801
0.0976801
0.0976801
0.0976801
0.0976801
0.0976801
0.0989011
0.0989011
0.0989011
0.100122
0.100122
0.100122
0.100122
0.101343
0.101343
0.101343
0.102564
0.102564
0.102564
0.103785
0.103785
0.103785
0.103785
0.103785
0.103785
0.105006
0.105006
0.105006
0.105006
0.106227
0.105006
0.106227
0.106227
0.106227
0.107448
0.106227
0.107448
0.107448
0.108669
0.108669
0.108669
0.108669
0.108669
0.10989
0.10989
0.10989
0.10989
0.10989
0.111111
0.111111
0.112332
0.112332
0.112332
0.112332
0.112332
0.112332
0.112332
0.113553
0.113553
0.113553
0.113553
0.114774
0.114774
0.113553
0.114774
0.114774
0.114774
0.114774
0.115995
0.115995
0.115995
0.115995
0.117216
0.117216
0.117216
0.117216
0.117216
0.117216
0.118437
0.118437
0.118437
0.118437
0.118437
0.119658