2.99267
2.99023
2.98779
2.98779
2.98535
2.98535
2.98291
2.98046
2.97802
2.97314
2.96825
2.96337
2.95727
2.95116
2.94628
2.93895
2.93162
2.9243
2.91819
2.91087
2.90476
2.89744
2.88889
2.88156
2.87424
2.86691
2.85714
2.8486
2.84249
2.83394
2.8254
2.81807
2.80952
2.8022
2.79365
2.78632
2.779
2.77045
2.76313
2.75458
2.74725
2.73871
2.73016
2.72405
2.71551
2.70818
2.69963
2.69353
2.6862
2.67766
2.67155
2.663
2.6569
2.64835
2.64225
2.63492
2.62882
2.62149
2.61416
2.60684
2.59951
2.59341
2.58608
2.5812
2.57387
2.56777
2.56044
2.55433
2.54823
2.54212
2.53602
2.52991
2.52381
2.5177
2.5116
2.50549
2.49939
2.49573
2.48962
2.48352
2.47741
2.47131
2.46764
2.46032
2.45543
2.45055
2.44322
2.43956
2.43346
2.42857
2.42369
2.4188
2.4127
2.40904
2.40415
2.40049
2.3956
2.39316
2.38828
2.38339
2.37851
2.37363
2.36874
2.36386
2.35897
2.35531
2.34921
2.34554
2.33944
2.33455
2.33089
2.32479
2.3199
2.31502
2.31136
2.30647
2.30159
2.2967
2.29182
2.28694
2.28205
2.27839
2.2735
2.26862
2.26496
2.25885
2.25519
2.25153
2.24664
2.24176
2.2381
2.23321
2.22955
2.22589
2.221
2.21734
2.21245
2.20879
2.20391
2.20024
2.19414
2.19048
2.18437
2.18071
2.17582
2.16972
2.16484
2.15995
2.15385
2.14652
2.13797
2.12821
2.11844
2.10989
2.10012
2.08913
2.07814
2.06716
2.05617
2.04518
2.03297
2.02076
2.00977
1.99756
1.98535
1.97192
1.95849
1.94383
1.92918
1.91575
1.89988
1.88523
1.87057
1.8547
1.83883
1.82295
1.80708
1.79121
1.77656
1.76068
1.74603
1.73016
1.71551
1.69963
1.6862
1.67155
1.6569
1.64347
1.62882
1.61538
1.60195
1.58974
1.57631
1.56288
1.54945
1.53724
1.52503
1.5116
1.50061
1.48718
1.47497
1.46276
1.45055
1.43834
1.42857
1.41636
1.40415
1.39194
1.37973
1.36874
1.35653
1.34554
1.33578
1.32357
1.31258
1.30281
1.29182
1.28205
1.27228
1.26252
1.25397
1.24542
1.23687
1.22833
1.21856
1.20757
1.19902
1.18926
1.17949
1.16972
1.15995
1.1514
1.14286
1.13431
1.12454
1.11722
1.10989
1.10134
1.09402
1.08669
1.08059
1.07326
1.06716
1.05983
1.05372
1.0464
1.04029
1.03541
1.0293
1.02442
1.01832
1.01465
1.00977
1.00611
1.00122
0.996337
0.992674
0.989011
0.984127
0.981685
0.978022
0.97558
0.971917
0.969475
0.965812
0.96337
0.960928
0.958486
0.956044
0.953602
0.95116
0.949939
0.948718
0.945055
0.943834
0.942613
0.941392
0.93895
0.936508
0.935287
0.934066
0.932845
0.931624
0.930403
0.934066
0.959707
0.945055
0.952381
0.959707
0.967033
0.97558
0.984127
0.995116
1.00488
1.01832
1.03297
1.0464
1.06105
1.0757
1.0928
1.10989
1.12821
1.14652
1.16361
1.18437
1.20391
1.22222
1.24298
1.26252
1.28449
1.30525
1.32479
1.34676
1.36752
1.3895
1.41148
1.43346
1.45665
1.47741
1.50061
1.52381
1.54457
1.56777
1.59219
1.61416
1.63614
1.65934
1.68254
1.70452
1.72894
1.75336
1.77534
1.79853
1.82173
1.84371
1.86569
1.88889
1.91331
1.93407
1.95849
1.98169
2.00366
2.02564
2.04884
2.0696
2.09158
2.11477
2.13675
2.15873
2.17949
2.20147
2.22222
2.2442
2.26496
2.28571
2.30647
2.32723
2.34799
2.36874
2.38828
2.41026
2.42979
2.45055
2.47009
2.4884
2.50672
2.52625
2.54701
2.56654
2.58242
2.60195
2.62149
2.63858
2.6569
2.67643
2.69231
2.7094
2.72772
2.74603
2.76313
2.78022
2.79731
2.81441
2.8315
2.84737
2.86447
2.88156
2.89499
2.91209
2.92674
2.94139
2.95849
2.97314
2.98779
3.00244
3.01832
3.03297
3.0464
3.06105
3.07448
3.09035
3.10379
3.11722
3.13065
3.1453
3.15751
3.17216
3.18681
3.20024
3.21123
3.22344
3.23687
3.24908
3.26252
3.27473
3.28449
3.29548
3.30403
3.31258
3.32357
3.33089
3.33822
3.34799
3.35531
3.36386
3.36874
3.37851
3.38462
3.39316
3.40049
3.40781
3.41514
3.42247
3.42979
3.43834
3.44444
3.45177
3.4591
3.46642
3.47375
3.48107
3.4884
3.49695
3.50427
3.51282
3.52015
3.52747
3.5348
3.54335
3.55067
3.558
3.56654
3.57509
3.58242
3.59096
3.59829
3.60806
3.61661
3.62515
3.63126
3.6398
3.64957
3.65812
3.66545
3.67399
3.68376
3.69109
3.69963
3.70818
3.71673
3.72527
3.73382
3.74115
3.74969
3.75702
3.76801
3.77656
3.78388
3.79243
3.80098
3.81075
3.81807
3.82662
3.83517
3.84615
3.85348
3.86325
3.87057
3.87912
3.88889
3.89744
3.90598
3.91575
3.9243
3.93285
3.94139
3.94994
3.95849
3.96703
3.9768
3.98535
3.9939
4.00366
4.01099
4.01954
4.02808
4.03663
4.0464
4.05372
4.06349
4.07082
4.08181
4.08791
4.09646
4.10623
4.11355
4.1221
4.12943
4.13919
4.14652
4.15385
4.16117
4.16972
4.17827
4.18559
4.19292
4.20147
4.20879
4.21612
4.22466
4.23321
4.23932
4.24542
4.25397
4.26252
4.26862
4.27473
4.28205
4.2906
4.2967
4.30403
4.31258
4.3199
4.32601
4.33333
4.34066
4.34676
4.35409
4.3602
4.3663
4.37363
4.37973
4.38706
4.39438
4.40049
4.40659
4.4127
4.41758
4.42613
4.43223
4.43712
4.44322
4.44933
4.45421
4.46276
4.46886
4.47375
4.47985
4.48596
4.49328
4.49817
4.50183
4.51038
4.51282
4.52015
4.52503
4.53114
4.53724
4.5409
4.54823
4.55433
4.56044
4.56532
4.57387
4.57753