1.34554
1.34676
1.34799
1.35043
1.35287
1.35897
1.36996
1.38217
1.3956
1.40904
1.42247
1.43468
1.44811
1.46032
1.47253
1.48596
1.49817
1.51038
1.52259
1.5348
1.54701
1.558
1.56899
1.57875
1.58852
1.59707
1.60562
1.61416
1.62149
1.62637
1.63248
1.63736
1.64103
1.64469
1.64835
1.64957
1.65079
1.65201
1.65201
1.65201
1.65201
1.65079
1.64957
1.64835
1.64469
1.64347
1.6398
1.63736
1.6337
1.63004
1.62637
1.62271
1.61905
1.61416
1.6105
1.60562
1.60195
1.59707
1.59219
1.5873
1.58242
1.57753
1.57265
1.56777
1.56288
1.558
1.55311
1.54823
1.54335
1.53846
1.53358
1.52869
1.52381
1.51893
1.51404
1.50916
1.50427
1.49939
1.49451
1.48962
1.48596
1.47985
1.47619
1.47131
1.46642
1.46154
1.45788
1.45299
1.44811
1.44444
1.43956
1.4359
1.43101
1.42735
1.42247
1.41758
1.4127
1.40781
1.40293
1.39927
1.39438
1.3895
1.38584
1.38095
1.37729
1.37241
1.36874
1.36386
1.3602
1.35653
1.35165
1.34676
1.3431
1.33944
1.33578
1.33089
1.32723
1.32357
1.31868
1.31502
1.31136
1.30769
1.30403
1.30037
1.29548
1.29304
1.28816
1.28449
1.28205
1.27717
1.2735
1.26984
1.26618
1.26252
1.25885
1.25519
1.25153
1.24786
1.2442
1.23932
1.23565
1.23077
1.22711
1.22222
1.21856
1.21368
1.20879
1.20269
1.19536
1.18681
1.17827
1.16972
1.16117
1.15263
1.14408
1.13553
1.12576
1.11844
1.10867
1.0989
1.08791
1.07937
1.0696
1.06105
1.05006
1.03785
1.02686
1.01465
1.00366
0.992674
0.980464
0.968254
0.956044
0.945055
0.931624
0.919414
0.908425
0.894994
0.884005
0.871795
0.860806
0.848596
0.837607
0.826618
0.815629
0.80464
0.793651
0.783883
0.772894
0.761905
0.753358
0.74359
0.733822
0.724054
0.714286
0.704518
0.695971
0.686203
0.677656
0.667888
0.659341
0.650794
0.642247
0.6337
0.625153
0.616606
0.608059
0.598291
0.590965
0.582418
0.575092
0.566545
0.559219
0.551893
0.544567
0.538462
0.531136
0.525031
0.518926
0.5116
0.505495
0.499389
0.493284
0.485958
0.478632
0.471306
0.465201
0.457875
0.45177
0.445665
0.43956
0.434676
0.428571
0.423687
0.418803
0.412698
0.407814
0.404151
0.399267
0.394383
0.389499
0.384615
0.37851
0.374847
0.371184
0.3663
0.362637
0.358974
0.355311
0.352869
0.349206
0.346764
0.343101
0.340659
0.338217
0.335775
0.333333
0.330891
0.328449
0.326007
0.323565
0.322344
0.319902
0.318681
0.31746
0.315018
0.313797
0.312576
0.311355
0.308913
0.307692
0.306471
0.30525
0.304029
0.302808
0.301587
0.300366
0.299145
0.297924
0.297924
0.296703
0.295482
0.295482
0.296703
0.312576
0.328449
0.340659
0.349206
0.357753
0.3663
0.373626
0.382173
0.39072
0.399267
0.409035
0.418803
0.428571
0.43956
0.450549
0.461538
0.473748
0.485958
0.496947
0.509158
0.522589
0.53602
0.54823
0.561661
0.575092
0.589744
0.603175
0.617827
0.632479
0.647131
0.660562
0.676435
0.692308
0.70696
0.722833
0.737485
0.753358
0.769231
0.786325
0.802198
0.818071
0.835165
0.851038
0.868132
0.885226
0.901099
0.918193
0.935287
0.953602
0.970696
0.98779
1.00488
1.02198
1.04029
1.05739
1.0757
1.0928
1.11111
1.12821
1.14652
1.16361
1.18193
1.25641
1.21734
1.23443
1.25275
1.26984
1.28694
1.30525
1.32234
1.33944
1.35775
1.37485
1.39194
1.40904
1.49695
1.51893
1.53602
1.55311
1.57143
1.5873
1.6044
1.61905
1.63492
1.65079
1.66422
1.67766
1.68987
1.70208
1.71184
1.72039
1.72772
1.73382
1.73748
1.73871
1.73871
1.73504
1.72894
1.71917
1.70696
1.69231
1.67277
1.65201
1.62759
1.59951
1.57021
1.53846
1.50549
1.47009
1.43346
1.39316
1.35043
1.30769
1.26374
1.221
1.17827
1.13675
1.09524
1.05372
1.01465
0.97558
0.93895
0.907204
0.876679
0.846154
0.813187
0.78022
0.749695
0.726496
0.705739
0.687424
0.669109
0.653236
0.636142
0.620269
0.604396
0.588523
0.573871
0.559219
0.544567
0.531136
0.518926
0.505495
0.494505
0.482295
0.471306
0.460317
0.449328
0.438339
0.428571
0.418803
0.409035
0.399267
0.389499
0.380952
0.372405
0.362637
0.35409
0.346764
0.338217
0.32967
0.322344
0.315018
0.306471
0.299145
0.291819
0.285714
0.278388
0.271062
0.264957
0.258852
0.252747
0.246642
0.240537
0.234432
0.229548
0.223443
0.218559
0.212454
0.20757
0.202686
0.197802
0.192918
0.188034
0.184371
0.179487
0.175824
0.172161
0.167277
0.163614
0.159951
0.156288
0.152625
0.148962
0.145299
0.141636
0.137973
0.135531
0.131868
0.129426
0.126984
0.123321
0.120879
0.118437
0.115995
0.113553
0.111111
0.108669
0.106227
0.103785
0.101343
0.0989011
0.0976801
0.0952381
0.0940171
0.0915751
0.0891331
0.0879121
0.0854701
0.0842491
0.0830281
0.0805861
0.0793651
0.0781441
0.0757021
0.0744811
0.0732601
0.0720391
0.0708181
0.0695971
0.0671551
0.0671551
0.0647131
0.0647131
0.0634921
0.0610501
0.0610501
0.0598291
0.0586081
0.0573871
0.0561661
0.0561661
0.0549451
0.0537241
0.0537241
0.0512821
0.0512821
0.0512821
0.0500611
0.04884
0.047619
0.047619
0.046398
0.046398
0.045177
0.045177
0.043956
0.043956
0.042735
0.041514
0.041514
0.040293
0.040293
0.039072
0.039072
0.039072
0.039072
0.037851
0.03663
0.03663
0.03663
0.035409
0.035409
0.034188
0.034188
0.034188
0.034188
0.032967
0.032967
0.032967
0.031746
0.031746
0.031746
0.030525
0.030525
0.030525
0.029304
0.029304
0.029304
0.029304
0.029304
0.028083
0.028083
0.028083
0.026862
0.026862
0.026862
0.026862
0.026862
0.025641
0.025641