2.33089
2.32967
2.32845
2.32845
2.32601
2.32479
2.32357
2.3199
2.31624
2.31136
2.30769
2.30403
2.30037
2.29548
2.2906
2.28571
2.28083
2.2735
2.26984
2.26374
2.25885
2.25153
2.24542
2.23932
2.23443
2.22711
2.22222
2.21612
2.20879
2.20269
2.19658
2.18926
2.18315
2.17582
2.16972
2.16361
2.15751
2.1514
2.14408
2.13797
2.13187
2.12576
2.11966
2.11355
2.10745
2.10134
2.09646
2.09035
2.08303
2.07814
2.07204
2.06593
2.06105
2.05372
2.04884
2.04274
2.03785
2.03297
2.02686
2.02076
2.01587
2.00977
2.00488
1.99878
1.9939
1.98779
1.98291
1.97802
1.97314
1.96825
1.96337
1.95849
1.95238
1.94872
1.94383
1.93895
1.93407
1.92918
1.92552
1.92063
1.91575
1.91087
1.90598
1.9011
1.89744
1.89255
1.89011
1.884
1.88034
1.87668
1.87179
1.86691
1.86325
1.85836
1.85348
1.8486
1.84493
1.84005
1.83639
1.83272
1.82784
1.82295
1.81929
1.81563
1.81074
1.8083
1.80342
1.79853
1.79487
1.79121
1.78755
1.78266
1.77778
1.77534
1.77167
1.76679
1.76313
1.75824
1.7558
1.75214
1.74725
1.74237
1.73993
1.73626
1.73138
1.72772
1.72527
1.72161
1.71795
1.71429
1.7094
1.70818
1.70452
1.69963
1.69597
1.69231
1.68864
1.68498
1.68132
1.67766
1.67277
1.66911
1.66545
1.65934
1.65568
1.65079
1.64591
1.64103
1.63492
1.62759
1.61905
1.6105
1.60073
1.59341
1.58486
1.57387
1.5641
1.55556
1.54457
1.53236
1.52259
1.51282
1.50305
1.49206
1.48107
1.47009
1.45665
1.44444
1.43101
1.41758
1.40415
1.3895
1.37485
1.3602
1.34676
1.33211
1.31746
1.30403
1.2906
1.27595
1.26252
1.24908
1.23443
1.221
1.20879
1.19536
1.18315
1.17094
1.15751
1.14408
1.13187
1.11966
1.10745
1.09646
1.08303
1.07082
1.05861
1.04762
1.03419
1.02442
1.01099
0.998779
0.989011
0.976801
0.965812
0.953602
0.942613
0.930403
0.918193
0.905983
0.894994
0.884005
0.871795
0.862027
0.852259
0.840049
0.830281
0.820513
0.809524
0.799756
0.791209
0.781441
0.772894
0.761905
0.749695
0.739927
0.728938
0.716728
0.70696
0.695971
0.686203
0.677656
0.669109
0.65812
0.649573
0.641026
0.6337
0.625153
0.616606
0.608059
0.600733
0.592186
0.583639
0.577534
0.570208
0.562882
0.555556
0.54823
0.543346
0.537241
0.529915
0.52381
0.518926
0.512821
0.507937
0.503053
0.498168
0.493284
0.4884
0.484737
0.481074
0.47619
0.472527
0.470085
0.465201
0.462759
0.457875
0.454212
0.452991
0.449328
0.448107
0.444444
0.442002
0.438339
0.435897
0.434676
0.432234
0.429792
0.42735
0.42735
0.423687
0.421245
0.420024
0.420024
0.42735
0.437118
0.445665
0.457875
0.468864
0.479853
0.496947
0.510379
0.526252
0.544567
0.564103
0.582418
0.600733
0.620269
0.641026
0.661783
0.683761
0.705739
0.726496
0.749695
0.771673
0.79243
0.815629
0.838828
0.860806
0.881563
0.904762
0.92674
0.947497
0.970696
0.993895
1.01587
1.03907
1.06227
1.08303
1.10379
1.12576
1.14896
1.16972
1.1917
1.21368
1.23565
1.25641
1.27839
1.29915
1.3199
1.33822
1.3602
1.38095
1.40049
1.42125
1.44322
1.46276
1.48352
1.50183
1.52259
1.54212
1.56166
1.5812
1.60073
1.61905
1.63736
1.65812
1.67521
1.69475
1.71184
1.73016
1.74725
1.76557
1.78144
1.8022
1.81807
1.83516
1.85226
1.86813
1.88523
1.90354
1.91819
1.93407
1.94872
1.96459
1.98046
1.99634
2.01221
2.02686
2.04151
2.05739
2.07204
2.08425
2.0989
2.11477
2.12821
2.14164
2.15629
2.1685
2.18315
2.19414
2.20879
2.221
2.23565
2.24786
2.25885
2.27228
2.28327
2.29548
2.30647
2.31868
2.32967
2.34188
2.35409
2.36386
2.37729
2.38828
2.39927
2.40904
2.42002
2.43101
2.44322
2.45421
2.46276
2.47253
2.4823
2.4884
2.49695
2.50794
2.5177
2.52991
2.53968
2.54579
2.55311
2.558
2.56654
2.57143
2.57875
2.58608
2.59219
2.59707
2.60562
2.60806
2.61538
2.62027
2.62637
2.63126
2.63736
2.64225
2.64835
2.65324
2.65934
2.66545
2.67033
2.67643
2.68254
2.68742
2.69353
2.69963
2.7033
2.71062
2.71551
2.72161
2.72772
2.73504
2.73871
2.74603
2.75092
2.75702
2.7619
2.77045
2.77411
2.78388
2.78877
2.79365
2.80098
2.80586
2.81197
2.81929
2.8254
2.8315
2.83639
2.84371
2.84982
2.85592
2.86325
2.87057
2.87424
2.88034
2.88889
2.89377
2.9011
2.9072
2.91453
2.92186
2.92552
2.93285
2.93895
2.94628
2.95116
2.95849
2.96581
2.97192
2.97802
2.98535
2.99145
2.99756
3.00366
3.00977
3.01587
3.02076
3.0293
3.03541
3.04151
3.0464
3.05372
3.05983
3.06593
3.07204
3.07937
3.08669
3.09035
3.09524
3.10379
3.10989
3.116
3.12332
3.12821
3.13309
3.14042
3.1453
3.15385
3.15873
3.16484
3.16972
3.17705
3.18193
3.18803
3.19292
3.19902
3.20513
3.21245
3.21734
3.221
3.22711
3.23321
3.23687
3.2442
3.24664
3.25397
3.26007
3.2674
3.27106
3.27717
3.28205
3.28449
3.29182
3.29792
3.30403
3.30769
3.31258
3.31746
3.32234
3.32723
3.33089
3.337
3.34188
3.34554
3.35409
3.35775
3.36264
3.36752
3.37118
3.37485
3.38095
3.38584
3.39072
3.39194
3.39805
3.40415
3.40904
3.4127
3.4188
3.42247
3.42735
3.42979
3.4359
3.43956
3.44322
3.44689
3.45055
3.45665
3.46032
3.4652
3.46886
3.47253
3.47741
3.48107
3.48474
3.4884
3.49206
3.49451
3.49817
3.50061
3.50427