1.000033076
1.000033076
0.980801701
1.000033076
1.000033076
1.000033076
1.000033076
1.000033076
1.000033076
1.000033076
1.000033076
1.000033076
1.000033076
0.980801701
1.000033076
0.980801701
0.980801701
0.980801701
0.980801701
0.980801701
0.961570326
0.961570326
0.961570326
0.961570326
0.942338951
0.942338951
0.942338951
0.942338951
0.942338951
0.942338951
0.923107576
0.923107576
0.923107576
0.923107576
0.923107576
0.903876201
0.903876201
0.903876201
0.903876201
0.903876201
0.884644826
0.884644826
0.884644826
0.865413451
0.865413451
0.884644826
0.865413451
0.865413451
0.865413451
0.865413451
0.846182076
0.865413451
0.846182076
0.846182076
0.846182076
0.826950701
0.826950701
0.826950701
0.826950701
0.826950701
0.826950701
0.807719326
0.807719326
0.807719326
0.807719326
0.788487951
0.807719326
0.788487951
0.788487951
0.788487951
0.788487951
0.788487951
0.788487951
0.769255001
0.788487951
0.769255001
0.769255001
0.769255001
0.769255001
0.769255001
0.750023626
0.750023626
0.750023626
0.750023626
0.750023626
0.750023626
0.750023626
0.750023626
0.750023626
0.730792251
0.730792251
0.730792251
0.730792251
0.730792251
0.711560876
0.730792251
0.730792251
0.730792251
0.711560876
0.711560876
0.711560876
0.711560876
0.711560876
0.711560876
0.711560876
0.692329501
0.692329501
0.692329501
0.692329501
0.692329501
0.692329501
0.692329501
0.692329501
0.692329501
0.692329501
0.673098126
0.673098126
0.673098126
0.673098126
0.673098126
0.673098126
0.653866751
0.653866751
0.653866751
0.653866751
0.653866751
0.653866751
0.653866751
0.653866751
0.653866751
0.634635376
0.653866751
0.653866751
0.653866751
0.653866751
0.634635376
0.634635376
0.634635376
0.634635376
0.634635376
0.634635376
0.634635376
0.634635376
0.615404001
0.615404001
0.634635376
0.615404001
0.615404001
0.615404001
0.615404001
0.615404001
0.615404001
0.615404001
0.615404001
0.615404001
0.615404001
0.596172626
0.576941251
0.576941251
0.576941251
0.576941251
0.557709876
0.557709876
0.557709876
0.557709876
0.538478501
0.538478501
0.538478501
0.519247126
0.519247126
0.519247126
0.500015751
0.500015751
0.500015751
0.480784375
0.480784375
0.461553
0.461553
0.461553
0.442321625
0.442321625
0.442321625
0.42309025
0.42309025
0.42309025
0.403858875
0.403858875
0.403858875
0.3846275
0.3846275
0.3846275
0.3846275
0.365396125
0.34616475
0.365396125
0.365396125
0.326933375
0.326933375
0.326933375
0.326933375
0.326933375
0.326933375
0.307702
0.307702
0.307702
0.307702
0.307702
0.288470625
0.307702
0.288470625
0.26923925
0.26923925
0.26923925
0.26923925
0.250007875
0.26923925
0.250007875
0.250007875
0.250007875
0.2307765
0.2307765
0.2307765
0.2307765
0.2307765
0.2307765
0.2307765
0.211545125
0.211545125
0.211545125
0.211545125
0.211545125
0.19231375
0.19231375
0.19231375
0.19231375
0.19231375
0.173082375
0.173082375
0.173082375
0.173082375
0.173082375
0.153851158
0.153851158
0.153851158
0.153851158
0.153851158
0.153851158
0.153851158
0.153851158
0.153851158
0.153851158
0.134619783
0.134619783
0.134619783
0.153851158
0.134619783
0.134619783
0.134619783
0.115388408
0.134619783
0.134619783
0.115388408
0.115388408
0.115388408
0.115388408
0.115388408
0.115388408
0.115388408
0.115388408
0.115388408
0.115388408
0.115388408
0.115388408
0.115388408
0.115388408
0.096157033
0.115388408
0.096157033
0.096157033
0.115388408
0.096157033
0.096157033
0.096157033
0.076925658
0.057694125
0.03846275
0.03846275
0.03846275
0.057694125
0.057694125
0.057694125
0.076925658
0.076925658
0.076925658
0.076925658
0.096157033
0.096157033
0.096157033
0.115388408
0.134619783
0.134619783
0.134619783
0.134619783
0.153851158
0.153851158
0.173082375
0.173082375
0.19231375
0.19231375
0.211545125
0.211545125
0.2307765
0.2307765
0.250007875
0.250007875
0.250007875
0.26923925
0.26923925
0.288470625
0.307702
0.307702
0.307702
0.326933375
0.34616475
0.34616475
0.365396125
0.365396125
0.3846275
0.3846275
0.3846275
0.403858875
0.42309025
0.42309025
0.442321625
0.461553
0.461553
0.461553
0.480784375
0.480784375
0.500015751
0.519247126
0.519247126
0.519247126
0.538478501
0.538478501
0.557709876
0.576941251
0.576941251
0.596172626
0.596172626
0.615404001
0.634635376
0.634635376
0.634635376
0.653866751
0.653866751
0.692329501
0.692329501
0.692329501
0.711560876
0.711560876
0.730792251
0.730792251
0.730792251
0.750023626
0.769255001
0.769255001
0.769255001
0.788487951
0.807719326
0.807719326
0.807719326
0.826950701
0.826950701
0.846182076
0.846182076
0.865413451
0.865413451
0.884644826
0.884644826
0.884644826
0.903876201
0.923107576
0.923107576
0.923107576
0.923107576
0.942338951
0.942338951
0.961570326
0.961570326
0.961570326
0.980801701
1.000033076
1.000033076
1.000033076
1.019264451
1.019264451
1.019264451
1.038495826
1.038495826
1.038495826
1.057727201
1.076958576
1.076958576
1.076958576
1.076958576
1.096189951
1.096189951
1.115421326
1.115421326
1.115421326
1.115421326
1.134652701
1.153884076
1.153884076
1.153884076
1.173115451
1.173115451
1.173115451
1.173115451
1.173115451
1.192346826
1.192346826
1.192346826
1.192346826
1.211578201
1.211578201
1.211578201
1.211578201
1.211578201
1.230809576
1.230809576
1.230809576
1.230809576
1.230809576
1.230809576
1.230809576
1.230809576
1.250040951
1.250040951
1.250040951
1.250040951
1.250040951
1.269272326
1.269272326
1.269272326
1.269272326
1.288503701
1.288503701
1.288503701
1.288503701
1.307735076
1.307735076
1.307735076
1.307735076
1.307735076
1.326966451
1.326966451
1.326966451
1.326966451
1.326966451
1.346197826
1.346197826
1.346197826
1.365429201
1.365429201
1.365429201
1.365429201
1.365429201
1.384660576
1.384660576
1.384660576
1.384660576
1.384660576
1.403891951
1.403891951
1.403891951
1.423123327
1.423123327
1.423123327
1.423123327
1.442354702
1.442354702
1.442354702
1.442354702
1.442354702
1.461586077
1.461586077
1.461586077
1.480817452
1.480817452
1.480817452
1.480817452
1.480817452
1.500048827
1.500048827
1.500048827
1.500048827
1.519280202
1.519280202
1.519280202
1.538511577
1.538511577
1.538511577
1.538511577
1.538511577
1.538511577
1.557742952
1.557742952
1.557742952
1.576972752
1.576972752
1.576972752
1.576972752
1.596204127
1.596204127
1.596204127
1.615435502
1.615435502
1.615435502
1.634666877
1.634666877
1.634666877
1.634666877
1.634666877
1.634666877
1.653898252
1.653898252
1.653898252
1.653898252
1.673129627
1.653898252
1.673129627
1.673129627
1.673129627
1.692361002
1.673129627
1.692361002
1.692361002
1.711592377
1.711592377
1.711592377
1.711592377
1.711592377
1.730823752
1.730823752
1.730823752
1.730823752
1.730823752
1.750055127
1.750055127
1.769286502
1.769286502
1.769286502
1.769286502
1.769286502
1.769286502
1.769286502
1.788517877
1.788517877
1.788517877
1.788517877
1.807749252
1.807749252
1.788517877
1.807749252
1.807749252
1.807749252
1.807749252
1.826980627
1.826980627
1.826980627
1.826980627
1.846212002
1.846212002
1.846212002
1.846212002
1.846212002
1.846212002
1.865443377
1.865443377
1.865443377
1.865443377
1.865443377
1.884674752