1.051523511
1.052476927
1.053438157
1.055344988
1.057251819
1.062018896
1.070607451
1.080149421
1.090644806
1.101148006
1.111643391
1.121185361
1.131680746
1.141222716
1.150764686
1.161260071
1.170802041
1.180344011
1.189885981
1.199427951
1.208969921
1.217558475
1.226147029
1.233774353
1.241409492
1.248091215
1.254772939
1.261446847
1.267175155
1.270988817
1.275763709
1.279577371
1.282445433
1.285305679
1.288165926
1.289119341
1.290072757
1.291026172
1.291026172
1.291026172
1.291026172
1.290072757
1.289119341
1.288165926
1.285305679
1.284352264
1.281484202
1.279577371
1.276717125
1.273856878
1.270988817
1.26812857
1.265268324
1.261446847
1.258586601
1.254772939
1.251904877
1.248091215
1.244277553
1.240456076
1.236642414
1.232820938
1.229007276
1.225193614
1.221372137
1.217558475
1.213736998
1.209923336
1.206109674
1.202288197
1.198474535
1.194653058
1.190839396
1.187025734
1.183204258
1.179390596
1.175569119
1.171755457
1.167941795
1.164120318
1.161260071
1.156485179
1.153624933
1.149811271
1.145989794
1.142176132
1.139315885
1.135494408
1.131680746
1.128812685
1.124999023
1.122138777
1.1183173
1.115457053
1.111643391
1.107821914
1.104008253
1.100186776
1.096373114
1.093512867
1.08969139
1.085877728
1.083017482
1.079196005
1.076335759
1.072522097
1.069654035
1.065840373
1.062980127
1.060112065
1.056298403
1.052476927
1.04961668
1.046756434
1.043896187
1.04007471
1.037214464
1.034354217
1.03053274
1.027672494
1.024812247
1.021944186
1.01908394
1.016223693
1.012402216
1.010495385
1.006681723
1.003813662
1.001906831
0.998093169
0.995225108
0.992364861
0.989504615
0.986644368
0.983776307
0.98091606
0.978055814
0.975187753
0.972327506
0.968513844
0.965645783
0.961832121
0.958971874
0.955150397
0.952290151
0.948476489
0.944655012
0.939887935
0.934159627
0.927477903
0.920803995
0.914122272
0.907440548
0.90076664
0.894084916
0.887403193
0.879768054
0.874047561
0.866412423
0.858777284
0.850188729
0.843514821
0.835879682
0.829197959
0.820609404
0.811067435
0.80247888
0.79293691
0.784348356
0.775762928
0.766220958
0.756678988
0.747137018
0.738549245
0.728053079
0.718511109
0.709923336
0.699427169
0.690839396
0.681297427
0.672709654
0.663167684
0.654579911
0.645992138
0.637404365
0.628816593
0.62022882
0.612595244
0.604007471
0.595419698
0.588740319
0.581106743
0.573473168
0.565839592
0.558206016
0.55057244
0.543893061
0.536259485
0.529580106
0.521946531
0.515267152
0.508587773
0.501908394
0.495229015
0.488549636
0.481870257
0.475190878
0.467557303
0.461832121
0.455152742
0.44942756
0.442748181
0.437022999
0.431297817
0.425572635
0.420801651
0.415076469
0.410305484
0.405534499
0.399809317
0.395038332
0.390266566
0.385495581
0.379770399
0.374045217
0.368320035
0.36354905
0.357823868
0.353052883
0.348281898
0.343510913
0.339694126
0.334923141
0.331106353
0.327289565
0.32251858
0.318701792
0.315839201
0.312022413
0.308205625
0.304388837
0.300572049
0.295801064
0.292938473
0.290075882
0.286259095
0.283396504
0.280533913
0.277671322
0.275762928
0.272900337
0.270991943
0.268129352
0.266220958
0.264312564
0.26240417
0.260495776
0.258587382
0.256678988
0.254770594
0.2528622
0.251908003
0.249999609
0.249045412
0.248091215
0.246182821
0.245228624
0.244274427
0.24332023
0.241411836
0.240457639
0.239503442
0.238549245
0.237595048
0.236640852
0.235686655
0.234732458
0.233778261
0.232824064
0.232824064
0.231869867
0.23091567
0.23091567
0.231869867
0.244274427
0.256678988
0.266220958
0.272900337
0.279579716
0.286259095
0.291984276
0.298663655
0.305343034
0.312022413
0.319655989
0.327289565
0.334923141
0.343510913
0.352098686
0.360686459
0.370228429
0.379770399
0.388358172
0.397900923
0.40839709
0.418893257
0.428435226
0.438931393
0.44942756
0.460877924
0.471374091
0.482824454
0.494274818
0.505725182
0.516221349
0.528625909
0.54103047
0.552480834
0.564885395
0.576335759
0.588740319
0.60114488
0.614503638
0.626908199
0.639312759
0.652671517
0.665076078
0.678434836
0.691793593
0.704198154
0.717556912
0.73091567
0.745228624
0.758587382
0.77194614
0.785301772
0.798665218
0.812974266
0.826337712
0.84064676
0.854010206
0.868319254
0.8816827
0.895991747
0.909347379
0.923664241
0.981869476
0.951336735
0.964692367
0.979009229
0.992364861
1.005728308
1.020037355
1.033392987
1.046756434
1.061065481
1.074428928
1.087784559
1.101148006
1.169848626
1.187025734
1.200381366
1.213736998
1.22805386
1.240456076
1.253819523
1.265268324
1.27767054
1.290072757
1.300568142
1.311071342
1.320613312
1.330155282
1.337782606
1.344464329
1.350192637
1.354959714
1.357819961
1.358781191
1.358781191
1.35591313
1.351146052
1.343510913
1.333968944
1.322520143
1.307249865
1.291026172
1.271942232
1.249998046
1.227100445
1.202288197
1.176522534
1.148857855
1.120231946
1.088737975
1.055344988
1.021944186
0.987597784
0.954196982
0.920803995
0.888356609
0.855917037
0.823469651
0.79293691
0.76240417
0.733778261
0.708969139
0.685114214
0.66125929
0.635495971
0.609732653
0.585877728
0.567747986
0.551526637
0.537213682
0.522900728
0.510496167
0.497137409
0.484732848
0.472328288
0.459923727
0.448473363
0.437022999
0.425572635
0.415076469
0.405534499
0.395038332
0.386449778
0.376907808
0.368320035
0.359732262
0.351144489
0.342556717
0.334923141
0.327289565
0.319655989
0.312022413
0.304388837
0.297709458
0.291030079
0.283396504
0.276717125
0.270991943
0.264312564
0.257633185
0.251908003
0.246182821
0.239503442
0.233778261
0.228053079
0.223282094
0.217556912
0.21183173
0.207060745
0.20228976
0.197518775
0.19274779
0.187976805
0.183205821
0.179389033
0.174618048
0.17080126
0.166030275
0.162213487
0.158396699
0.154579911
0.150763123
0.146946335
0.144083744
0.140266956
0.137404365
0.134541774
0.130724987
0.127862396
0.124999805
0.122137214
0.119274623
0.116412032
0.113549441
0.11068685
0.107824259
0.105915865
0.103053274
0.10114488
0.099236486
0.096373895
0.094465501
0.092557107
0.090648713
0.088740319
0.086831925
0.084923531
0.083015137
0.081106743
0.079198349
0.077290034
0.076335837
0.074427443
0.073473246
0.071564852
0.069656458
0.068702261
0.066793867
0.06583967
0.064885473
0.062977079
0.062022882
0.061068685
0.059160291
0.058206094
0.057251897
0.0562977
0.055343503
0.054389306
0.052480912
0.052480912
0.050572518
0.050572518
0.049618321
0.047709927
0.047709927
0.04675573
0.045801533
0.044847336
0.043893139
0.043893139
0.042938942
0.041984745
0.041984745
0.040076351
0.040076351
0.040076351
0.039122154
0.038167879
0.037213682
0.037213682
0.036259485
0.036259485
0.035305288
0.035305288
0.034351091
0.034351091
0.033396894
0.032442697
0.032442697
0.0314885
0.0314885
0.030534303
0.030534303
0.030534303
0.030534303
0.029580106
0.028625909
0.028625909
0.028625909
0.027671712
0.027671712
0.026717515
0.026717515
0.026717515
0.026717515
0.025763319
0.025763319
0.025763319
0.024809122
0.024809122
0.024809122
0.023854925
0.023854925
0.023854925
0.022900728
0.022900728
0.022900728
0.022900728
0.022900728
0.021946531
0.021946531
0.021946531
0.020992334
0.020992334
0.020992334
0.020992334
0.020992334
0.020038137
0.020038137