0.993135918
0.992616106
0.992096293
0.992096293
0.991056668
0.990536856
0.990017043
0.988453345
0.986893907
0.984814657
0.983250959
0.981691521
0.980132084
0.978048573
0.975969323
0.973885812
0.971806562
0.968683426
0.967123988
0.964524925
0.962441415
0.959322539
0.956719216
0.954120153
0.952036643
0.948917767
0.946834256
0.944235194
0.941112058
0.938512995
0.935909672
0.932790797
0.930187473
0.927064337
0.924465275
0.921861951
0.919262889
0.916659565
0.91354069
0.910937367
0.908338304
0.905734981
0.903135918
0.900532595
0.897933532
0.895330209
0.893250959
0.890647635
0.88752876
0.885445249
0.882846187
0.880242863
0.878163613
0.875040477
0.872961227
0.870362164
0.868278654
0.866199403
0.86359608
0.860997017
0.858913507
0.856314444
0.854230933
0.85163187
0.84955262
0.846949297
0.844870047
0.842786536
0.840707286
0.838623775
0.836544525
0.834465275
0.831861951
0.830302514
0.828219003
0.826139753
0.824060503
0.821976992
0.820417554
0.818334043
0.816254793
0.814175543
0.812092032
0.810012782
0.808453345
0.806369834
0.805330209
0.802726885
0.801167448
0.79960801
0.797524499
0.795445249
0.793885812
0.791802301
0.789723051
0.787643801
0.786080102
0.784000852
0.782441415
0.780877716
0.778798466
0.776714955
0.775155518
0.77359608
0.771512569
0.770472944
0.768393694
0.766310183
0.764750746
0.763191308
0.76163187
0.75954836
0.75746911
0.756429484
0.754865786
0.752786536
0.751227098
0.749143588
0.748103963
0.746544525
0.744461014
0.742381764
0.741342139
0.739778441
0.73769919
0.736139753
0.735095867
0.733536429
0.731976992
0.730417554
0.728334043
0.727814231
0.726254793
0.724171282
0.722611845
0.721052407
0.719488709
0.717929271
0.716369834
0.714810396
0.712726885
0.711167448
0.70960801
0.707004687
0.705445249
0.703361738
0.701282488
0.699203238
0.696599915
0.693476779
0.689838091
0.686195143
0.682032382
0.678913507
0.675270558
0.670587985
0.666425224
0.662786536
0.658103963
0.652901576
0.648738816
0.644576055
0.640413294
0.63573072
0.631048147
0.626369834
0.620643375
0.615440988
0.60971879
0.603996591
0.598274393
0.592032382
0.585790371
0.57954836
0.5738219
0.567579889
0.561337878
0.55561568
0.549893481
0.54365147
0.537929271
0.532202812
0.525960801
0.520238602
0.515036216
0.509314018
0.504111632
0.498909246
0.493187047
0.487464849
0.482262463
0.477060077
0.471857691
0.467175117
0.461452919
0.456250533
0.451048147
0.446365573
0.440643375
0.436480614
0.430758415
0.425555603
0.421393694
0.416191308
0.411509161
0.406306775
0.401624627
0.396422241
0.391219855
0.386017469
0.381335322
0.376653174
0.371450788
0.367288879
0.363126971
0.357924585
0.353762676
0.349600767
0.34491862
0.340756711
0.33711504
0.332953132
0.329311461
0.324629314
0.319426928
0.315265019
0.310582872
0.305380486
0.301218577
0.296536429
0.292374521
0.28873285
0.28509118
0.280409033
0.276767363
0.273125692
0.270004261
0.266362591
0.26272092
0.25907925
0.255957818
0.252316148
0.248674478
0.246073285
0.242951853
0.239830422
0.23670899
0.233587559
0.231506604
0.228905411
0.22578398
0.223182787
0.221101832
0.218500639
0.216419685
0.21433873
0.21225735
0.210176395
0.208095441
0.206534725
0.204974009
0.202893055
0.201332339
0.200291862
0.198210908
0.19717043
0.195089476
0.19352876
0.193008522
0.191447806
0.190927567
0.189366851
0.188326374
0.186765658
0.185725181
0.185204942
0.184164465
0.183123988
0.182083511
0.182083511
0.180522795
0.179482318
0.178962079
0.178962079
0.182083511
0.18624542
0.18988709
0.195089476
0.199771623
0.204453771
0.211737111
0.217460162
0.224223264
0.232026843
0.24035066
0.248154239
0.255957818
0.264281636
0.273125692
0.281969749
0.291334043
0.300698338
0.309542395
0.319426928
0.328791223
0.337635279
0.347519813
0.357404346
0.366768641
0.375612697
0.385497231
0.394861525
0.403705582
0.413590115
0.423474648
0.432837665
0.442722625
0.452607584
0.461452919
0.470298253
0.479659139
0.489544099
0.498389433
0.50775458
0.517119727
0.526480614
0.535325948
0.544691095
0.553536429
0.562377503
0.570183213
0.57954836
0.588389433
0.596714955
0.60556029
0.614921176
0.623246698
0.632092032
0.639893481
0.648738816
0.657060077
0.665385599
0.673711121
0.682032382
0.689838091
0.69763954
0.706484874
0.71376651
0.722092032
0.729373669
0.737179378
0.744461014
0.752266723
0.759028547
0.767873882
0.774635705
0.781917341
0.789203238
0.795965062
0.803250959
0.811052407
0.817294418
0.824060503
0.830302514
0.837064337
0.843826161
0.850592245
0.857354069
0.86359608
0.869838091
0.876604176
0.882846187
0.888048573
0.894290584
0.901052407
0.906778867
0.912501065
0.918743076
0.923945462
0.930187473
0.934870047
0.941112058
0.946314444
0.952556455
0.957758841
0.962441415
0.968163613
0.972846187
0.978048573
0.982731146
0.987933532
0.992616106
0.997818492
1.003020878
1.007183639
1.012905837
1.017588411
1.022270984
1.026433745
1.031112058
1.035794631
1.040997017
1.045679591
1.049322539
1.0534853
1.057648061
1.060247124
1.063890072
1.068572646
1.072731146
1.077933532
1.082096293
1.084699617
1.087818492
1.089902003
1.09354069
1.095624201
1.098743076
1.101866212
1.104469536
1.106548786
1.110191734
1.111231359
1.114350234
1.116433745
1.119032808
1.121116319
1.123715381
1.125798892
1.128397955
1.130481466
1.133080528
1.135683852
1.137763102
1.140362164
1.142965488
1.145044738
1.147648061
1.150247124
1.151810822
1.154929697
1.157013208
1.159612271
1.162215594
1.16533447
1.166898168
1.170017043
1.172100554
1.174699617
1.176778867
1.180421815
1.181981253
1.186144014
1.188227525
1.190306775
1.193429911
1.195509161
1.198112484
1.201231359
1.203834683
1.206433745
1.208517256
1.211636131
1.214239455
1.216838517
1.219961653
1.223080528
1.224644227
1.227243289
1.230886238
1.232965488
1.236088624
1.238687686
1.241810822
1.244933958
1.246493396
1.249616532
1.252215594
1.25533873
1.25741798
1.260541116
1.263659991
1.266263315
1.268862378
1.271985513
1.274584576
1.277187899
1.279786962
1.282390285
1.284989348
1.287072859
1.290711547
1.29331487
1.295913933
1.297997444
1.301116319
1.303719642
1.306318705
1.308922028
1.312045164
1.315164039
1.316723477
1.318806988
1.322449936
1.325048999
1.327652322
1.330771197
1.332854708
1.334933958
1.338057094
1.340136344
1.343779293
1.345858543
1.348461866
1.350541116
1.353664252
1.355743502
1.358342565
1.360426076
1.363025138
1.365628462
1.368747337
1.370830848
1.372390285
1.374993609
1.377592672
1.379152109
1.382275245
1.38331487
1.386438006
1.389037069
1.392160205
1.393719642
1.396322965
1.398402216
1.399441841
1.402564977
1.405164039
1.407767363
1.4093268
1.411410311
1.413489561
1.415568811
1.417652322
1.41921176
1.421815083
1.423894333
1.425453771
1.429096719
1.430656157
1.432739668
1.434818918
1.436378355
1.437942054
1.440541116
1.442624627
1.444703877
1.44522369
1.447827013
1.450426076
1.452509587
1.454069024
1.456668087
1.458231785
1.460311035
1.46135066
1.463953984
1.465513421
1.467072859
1.468636557
1.470195995
1.472795058
1.474358756
1.476438006
1.477997444
1.479561142
1.481640392
1.48319983
1.484763528
1.486322965
1.487882403
1.488926289
1.490485726
1.491525352
1.493084789