299.267
299.023
298.779
298.779
298.535
298.535
298.291
298.046
297.802
297.314
296.825
296.337
295.727
295.116
294.628
293.895
293.162
292.43
291.819
291.087
290.476
289.744
288.889
288.156
287.424
286.691
285.714
284.86
284.249
283.394
282.54
281.807
280.952
280.22
279.365
278.632
277.9
277.045
276.313
275.458
274.725
273.871
273.016
272.405
271.551
270.818
269.963
269.353
268.62
267.766
267.155
266.3
265.69
264.835
264.225
263.492
262.882
262.149
261.416
260.684
259.951
259.341
258.608
258.12
257.387
256.777
256.044
255.433
254.823
254.212
253.602
252.991
252.381
251.77
251.16
250.549
249.939
249.573
248.962
248.352
247.741
247.131
246.764
246.032
245.543
245.055
244.322
243.956
243.346
242.857
242.369
241.88
241.27
240.904
240.415
240.049
239.56
239.316
238.828
238.339
237.851
237.363
236.874
236.386
235.897
235.531
234.921
234.554
233.944
233.455
233.089
232.479
231.99
231.502
231.136
230.647
230.159
229.67
229.182
228.694
228.205
227.839
227.35
226.862
226.496
225.885
225.519
225.153
224.664
224.176
223.81
223.321
222.955
222.589
222.1
221.734
221.245
220.879
220.391
220.024
219.414
219.048
218.437
218.071
217.582
216.972
216.484
215.995
215.385
214.652
213.797
212.821
211.844
210.989
210.012
208.913
207.814
206.716
205.617
204.518
203.297
202.076
200.977
199.756
198.535
197.192
195.849
194.383
192.918
191.575
189.988
188.523
187.057
185.47
183.883
182.295
180.708
179.121
177.656
176.068
174.603
173.016
171.551
169.963
168.62
167.155
165.69
164.347
162.882
161.538
160.195
158.974
157.631
156.288
154.945
153.724
152.503
151.16
150.061
148.718
147.497
146.276
145.055
143.834
142.857
141.636
140.415
139.194
137.973
136.874
135.653
134.554
133.578
132.357
131.258
130.281
129.182
128.205
127.228
126.252
125.397
124.542
123.687
122.833
121.856
120.757
119.902
118.926
117.949
116.972
115.995
115.14
114.286
113.431
112.454
111.722
110.989
110.134
109.402
108.669
108.059
107.326
106.716
105.983
105.372
104.64
104.029
103.541
102.93
102.442
101.832
101.465
100.977
100.611
100.122
99.6337
99.2674
98.9011
98.4127
98.1685
97.8022
97.558
97.1917
96.9475
96.5812
96.337
96.0928
95.8486
95.6044
95.3602
95.116
94.9939
94.8718
94.5055
94.3834
94.2613
94.1392
93.895
93.6508
93.5287
93.4066
93.2845
93.1624
93.0403
93.4066
95.9707
94.5055
95.2381
95.9707
96.7033
97.558
98.4127
99.5116
100.488
101.832
103.297
104.64
106.105
107.57
109.28
110.989
112.821
114.652
116.361
118.437
120.391
122.222
124.298
126.252
128.449
130.525
132.479
134.676
136.752
138.95
141.148
143.346
145.665
147.741
150.061
152.381
154.457
156.777
159.219
161.416
163.614
165.934
168.254
170.452
172.894
175.336
177.534
179.853
182.173
184.371
186.569
188.889
191.331
193.407
195.849
198.169
200.366
202.564
204.884
206.96
209.158
211.477
213.675
215.873
217.949
220.147
222.222
224.42
226.496
228.571
230.647
232.723
234.799
236.874
238.828
241.026
242.979
245.055
247.009
248.84
250.672
252.625
254.701
256.654
258.242
260.195
262.149
263.858
265.69
267.643
269.231
270.94
272.772
274.603
276.313
278.022
279.731
281.441
283.15
284.737
286.447
288.156
289.499
291.209
292.674
294.139
295.849
297.314
298.779
300.244
301.832
303.297
304.64
306.105
307.448
309.035
310.379
311.722
313.065
314.53
315.751
317.216
318.681
320.024
321.123
322.344
323.687
324.908
326.252
327.473
328.449
329.548
330.403
331.258
332.357
333.089
333.822
334.799
335.531
336.386
336.874
337.851
338.462
339.316
340.049
340.781
341.514
342.247
342.979
343.834
344.444
345.177
345.91
346.642
347.375
348.107
348.84
349.695
350.427
351.282
352.015
352.747
353.48
354.335
355.067
355.8
356.654
357.509
358.242
359.096
359.829
360.806
361.661
362.515
363.126
363.98
364.957
365.812
366.545
367.399
368.376
369.109
369.963
370.818
371.673
372.527
373.382
374.115
374.969
375.702
376.801
377.656
378.388
379.243
380.098
381.075
381.807
382.662
383.517
384.615
385.348
386.325
387.057
387.912
388.889
389.744
390.598
391.575
392.43
393.285
394.139
394.994
395.849
396.703
397.68
398.535
399.39
400.366
401.099
401.954
402.808
403.663
404.64
405.372
406.349
407.082
408.181
408.791
409.646
410.623
411.355
412.21
412.943
413.919
414.652
415.385
416.117
416.972
417.827
418.559
419.292
420.147
420.879
421.612
422.466
423.321
423.932
424.542
425.397
426.252
426.862
427.473
428.205
429.06
429.67
430.403
431.258
431.99
432.601
433.333
434.066
434.676
435.409
436.02
436.63
437.363
437.973
438.706
439.438
440.049
440.659
441.27
441.758
442.613
443.223
443.712
444.322
444.933
445.421
446.276
446.886
447.375
447.985
448.596
449.328
449.817
450.183
451.038
451.282
452.015
452.503
453.114
453.724
454.09
454.823
455.433
456.044
456.532
457.387
457.753